3.692432528880876e-05
0.00011358304342404512
0.00030972210776537113
0.00027866941604468937
8.447066964799463e-06
3.42381426801187e-06
0.0058950243805855245
0.002181153737113338
0.0028190684559225372
0.014581390418516381
0.000685249425541764
1.6852609636523189e-06
3.3003471065006045e-06
6.448894166670415e-05
0.0004038754422281272
0.00020483984019380194
0.001427280383299957
0.0010206692929063115
0.0010882256751096587
0.0010279399079458078
0.00042999465109144714
5.142077316378702e-06
1.5304486861256857e-06
0.000562363848245196
0.0013060137060665325
2.998430544683468e-06
0.0005685927950527535
0.0006089525052268037
2.3508459948800577e-06
1.4831554745957791e-05
1.3591368215777767e-06
0.00010506334378311619
0.0005010313606203495
4.648668138939325e-05
0.0008293650750761222
0.0004643973927331984
0.0017169085508808015
0.0015911954299286228
1.5244632187132655e-05
1.9790702909601722e-06
0.0010673792010475675
5.966620101911911e-06
0.0005294455658661886
4.883947418094883e-06
0.0001402421812468537
0.0003462335670911783
0.0005315248247536952
0.0010932850678248335
0.0002028756466649527
0.001528452667355977
0.00011048166965944891
3.2666047720490806e-06
0.00031477988767090396
2.268537655793634e-06
0.00233874528199222
0.0003741436118902167
0.010937812091167988
9.08750779985854e-06
0.0003225552710426299
7.857174643566132e-05
3.106997990800334e-06
0.0008796948456449941
0.00214746723554859
4.0102606944753926e-05
3.798199842092265e-06
1.772638188336192e-06
2.7241831369420704e-06
2.304705088459364e-06
0.00020850347981955374
0.003722254868140755
0.00017239277775727408
0.0004589467641377333
5.725907781112492e-06
2.628655763658286e-06
0.00011218389581422184
0.0006750673090778815
0.0002844145451527039
6.009864256412835e-06
0.0010053341309567434
0.0013490485555836145
0.0011337979130436866
0.0684265431150133
0.010501303762090448
0.0004961191557905654
0.0004197518175370766
1.4421494749354283e-05
0.0006790858816440647
0.0007328564245926227
0.00018791759758425298
1.5059322837242957e-06
1.0987080906853574e-05
0.0005985925411810565
0.004496972948616484
0.000851029444458687
0.0008254810612871406
0.00017950608237404128
0.001263359985911584
0.0006938223924407393
0.000970364013444373
3.593897767755415e-06
1.848126805110883e-06
4.077869424922032e-05
0.0014999394668257747
1.2860539211722882e-05
0.0009696733239693678
0.009738732373004664
0.0009098487466253713
0.0007962890645216482
0.0006608603949011141
4.195552956320686e-06
0.0006459355270718
5.078963964717907e-06
0.008368575393016954
1.2059225732695858e-06
0.0014843920215886635
0.0010382003696229002
0.00023770519000635
0.0006596858098081182
2.923697780311392e-06
0.001581861805216298
0.00031985659448535757
0.0004159260877224031
3.088797938902328e-06
9.97923488505788e-06
0.0013262216933420032
7.663832715303132e-06
0.0007116135495907587
2.0185481074101525e-05
4.167329996409433e-05
0.0020842031284782304
0.0008736341090545153
0.00019456881142779805
0.010360379916798935
3.1671367150491737e-06
0.0007302545286493903
0.0012220590378808122
0.0022153688820591906
0.0007094785464463493
0.0006143056344284553
0.0004326679579730041
0.00025153009662363956
0.0010022421003975791
3.0003884582791596e-06
0.0010175796271280136
0.0018698407267265591
0.0014759103720384382
7.065600678576921e-07
0.00424889831065853
0.008070931234129285
4.698934039172272e-06
0.0012449840463849451
0.0015673109821178208
4.8386589747337046e-05
0.0017943270273143587
3.285655536777082e-06
4.104107913589352e-05
0.00037730385940670075
2.947858945118511e-05
0.0025266424904836684
7.864491687033614e-06
0.0013377925723374248
0.00025648738750760506
0.0006079174694340374
2.6758241156380913e-05
0.0002960465396345168
2.4984240237789545e-06
0.00025818604974706057
5.320684744912248e-05
1.8771018777109911e-06
0.0011462288539938422
0.0009178598942501731
0.0003162376606557685
0.0002841638380126515
5.586827384817265e-06
2.060610298722383e-06
0.0004485839236551406
1.2995466528195627e-06
0.0005646059774591903
0.0001264520648843794
0.0007410243671801416
8.908559342855935e-05
1.528528950599437e-05
0.0008285810394065155
1.53481830457829e-06
9.046039243286082e-05
0.0009620742089524911
3.7138635285993275e-06
7.125637638889827e-06
0.0011294814499281422
0.0007539789166198011
1.5837858244349197e-06
1.2444693657870711e-06
0.0002290232998831017
0.000346723989560234
0.0009579561447189899
2.3863958423762326e-06
2.058424818188115e-06
1.3049308496618281e-06
4.277763284293573e-06
1.1211290633132648e-06
0.0009741946117330796
4.637646341381803e-06
0.0004114815679677187
0.0016132432247379705
7.366670476720377e-06
0.0027346339137081857
0.0013755652967304128
0.004601988973157856
0.01046213241608445
0.0031625432578580017
2.1125510961447443e-06
0.015261434437138583
0.00031720665588981815
1.5556746148266218e-06
0.004099537396946555
1.0460359510031633e-06
0.0010846747449498267
2.485862429498463e-06
0.0009509467760340057
3.353697571447507e-06
0.00013420772246373273
1.9460040596418673e-06
2.476757346060795e-06
5.371197239878401e-06
2.178061145163203e-06
2.9581832534523986e-06
1.0599020984621067e-06
0.001421683845330121
2.561199176058625e-06
1.9201440148190344e-05
5.461597908491455e-06
0.0035285469866972704
4.17168313439571e-06
8.619388335351553e-07
1.947062069348154e-06
4.230621611144611e-05
0.007283969190886417
0.000382091167728736
1.3011364748576447e-05
1.5030203266599664e-06
1.982004886446052e-06
0.00019063236019840893
3.570063787273433e-06
0.0007228331139782721
5.996115725410411e-05
1.7465843865376007e-05
0.0006668405689152875
0.002172934729121762
0.0053303282983231445
0.00044320430414077137
0.0006500568256978639
0.0007803939757221229
2.5524275988664466e-05
0.0008665250996933187
1.3896664047488397e-06
0.0023219497063662943
4.19818585747111e-06
9.720084040480248e-06
0.0003846208717141894
3.5637862961567493e-06
0.0005542423968544308
3.957902196507761e-06
0.005335417467037934
7.499858757306582e-05
0.0059575521230636405
0.00015120876950218385
0.0004392048406538267
0.0015792279481377926
2.8467419932412303e-06
5.529913946347832e-06
2.846267492511717e-06
1.4316203448808053e-06
0.0012080408311245128
0.000642868780164157
0.0003808301110045028
0.00173661513946035
6.344270304187167e-07
5.7221706402255135e-06
0.0028816739543098845
0.0005355933183297713
0.005041850954602957
1.3763752261789965e-06
0.00025932454938144665
0.00047884266240650724
0.0003285468926279914
0.0006207793206256664
2.4359571164623554e-06
0.007150642352419366
5.830936827308222e-06
0.0019845309766956896
0.0004354674209749243
0.0018693631099292144
0.0003358427504933582
1.826772726805197e-06
0.00018878701489426268
4.140786087627032e-05
0.0010643938258254933
6.150877414073102e-05
0.0007944978617165553
0.0003766585184356519
2.7365804648278706e-06
0.0012376790975492991
0.0001719345598335257
2.5112233549443536e-06
0.00040721700980782456
0.008158688132404435
0.001550394775493844
3.309978859255258e-05
1.3496396082570824e-06
0.000268886081814285
3.388029460419318e-05
1.8517866296483886e-06
3.748270051747931e-06
0.00035880267666060214
2.6504722820678227e-06
0.0010378134972575282
4.8227512257363946e-06
0.002540265461300002
0.001119313416408966
3.0728190097046186e-06
0.0018078716565565725
0.0005579734725845144
0.0012253050003877045
0.0003036682838357352
5.228780352102286e-06
2.2298343868224256e-06
4.1532465310580534e-05
0.002145164118991429
2.577690117674397e-05
0.0013500221444518446
7.723262418926143e-06
3.966600700546176e-06
0.0010375464254022478
6.690840035478253e-05
3.4383062223976016e-06
5.180294026185542e-06
2.197479786321239e-06
1.3087948752916643e-05
0.0008593899072126722
1.19101649095154e-05
1.3527659411885212e-06
4.418490457388236e-06
0.00021194290350076025
0.00031412275816288757
0.0005115162411302758
0.00217302728552174
0.00539004834266575
4.949138118429873e-06
0.0003542036516571055
7.896116244592968e-05
0.000917190879105118
9.9523676822507e-05
2.8179851597804757e-06
6.68003804889575e-05
0.0012371148258991456
6.271719007595993e-06
0.0005238638154363061
2.253296103904038e-06
0.0026009757426570432
0.0002121727012497625
0.00028184232422093957
0.004721303106872918
0.0016996937822828504
0.01489952836063294
0.0024175819695615637
0.000956950642669632
0.013796865276636011
0.0007939143281747061
0.000917965396112861
6.14916267890088e-05
0.001484116552423042
0.0022645713200831964
5.287907602468562e-06
3.039122434048219e-06
3.0466452230628566e-06
0.002107542613517443
0.00042569770485157717
0.00045030044006505964
2.530653083731161e-06
3.808155271342507e-05
0.0012805339397911081
0.0007645749411369025
0.0048444423661772994
0.0023280391748474786
3.03049944696398e-06
1.0274029725894965e-06
0.0007149918822212421
0.0009319528982761064
2.3311846787061065e-06
4.677629370460276e-06
0.001500712861830363
0.0006624955329610786
0.0007233635039412443
9.070945305970028e-06
0.005854594812041127
2.3421131269334646e-06
4.609401580678704e-06
0.000649784852284119
1.4968198074156312e-06
3.231371957547694e-06
1.2540038560889336e-06
3.859836873958259e-06
6.918991276473318e-06
1.051520964200732e-06
3.1641375909086483e-06
0.0006860852416092977
2.956583647774776e-06
0.001165502518905459
4.342733761495707e-06
5.625191342421647e-06
0.003044440651988857
0.0015697115241490602
0.00013139056207855365
2.5119135292179677e-06
0.00023260192985717575
0.00011070465888155972
3.414660172085232e-05
7.995227294922156e-07
0.001150165985779657
4.219034039793095e-05
0.0008105718034937864
6.023080387563042e-06
2.4988672725612e-06
0.0007222266300125576
0.0014111826431377516
1.0551217176401693e-06
6.687254584397879e-06
1.1257817436613579e-05
3.6746323842547745e-06
0.0006597776386242937
8.106035249856163e-07
0.0010206459569467006
0.0002336411758804462
3.2475074039626255e-06
2.515586111851258e-06
0.0005390166047400573
4.5211418681087484e-07
4.5426058914075506e-06
0.0008914626668272829
0.0017603612619850502
6.11719918901248e-05
0.006402291288963931
0.0051806988576476535
2.4044171631746547e-05
3.1720110346075957e-06
0.0009822045694295148
0.0036118678704442084
4.984632039994491e-05
9.563827392739125e-05
1.3400128387849812e-05
1.071940274371638e-06
3.657987132524695e-06
0.0006114545840098457
3.4889853991928546e-06
0.0006624700767319404
3.954258939316986e-05
1.0771959122011164e-06
1.947041582318383e-05
1.7207709272558889e-06
6.41775686306377e-06
4.71717407948521e-05
3.37308723974843e-06
0.0006388647522655025
9.930168563771416e-07
3.884970382226578e-06
0.000496977941129429
2.8133500505435765e-06
6.173870799654893e-06
0.0007221412291132294
3.1613012703939176e-06
7.632355791725136e-05
2.0211514872660125e-06
0.0013175486921609535
0.0018084469397230084
1.0781264720496978e-05
0.000547876988041607
0.00017354803449444646
1.5203015993821058e-05
1.4615577289530818e-07
0.00034878035394673155
1.9055938738366559e-06
9.750950112621407e-05
3.4285774325469452e-06
0.0007841144891754526
0.0036515670088445836
4.786207824168605e-06
0.0006117504084144691
0.000528416327989964
1.761277800149427e-06
0.001118636781064859
9.55574335961596e-07
0.00219497666770533
4.549675717786937e-06
0.0008692877209890872
3.440308451592248e-05
7.443488314890633e-05
0.0005866232268050239
4.0336729325655005e-05
0.000924412390807511
6.745650279596964e-05
1.4254384166402343e-05
0.00011647816088629207
3.6088102216986364e-06
0.0011388936533847241
0.0003320441400998151
6.318583743642771e-05
3.65378021986259e-05
7.307968155180572e-06
2.775170337040588e-06
8.366083975374027e-07
4.001915560345565e-07
8.290192117381057e-05
0.0031290451665927574
5.7394945940338334e-05
0.0012974357339154137
1.709454815854479e-06
0.0002891387307755105
0.011190198222318455
3.317210312997668e-06
7.606577634545907e-06
0.0009220744047680119
0.0003867272752303453
7.094770260138618e-06
2.1818454307266533e-06
0.0002693375803977506
2.289640971160431e-06
0.0007198481804558816
0.0010604224427537149
8.832560857049141e-07
4.874021017093645e-06
8.164736586686283e-06
8.135113898789263e-05
0.0006617104927187885
6.810712105006395e-05
0.0006118220460067537
6.139015201052715e-05
0.00015644863921382193
3.9305255669592755e-06
2.299695540609198e-06
1.8811606634108147e-05
6.189926497487448e-06
0.0056455039975527085
1.5415867969134564e-06
0.0016773779357670592
2.693055456220925e-06
0.0004603358808427888
0.00015519414664271432
0.0002075236129060489
0.0034282569606145564
0.0009576995205589638
0.0009957189832345522
0.0017903573597461014
2.928625548387336e-06
0.00033507186234868084
0.0005237019141968302
0.001983523384398905
0.0015627802407498252
9.563080071423144e-07
1.6604714556187002e-05
0.004959202671521727
0.021869307996290218
1.8979540426343561e-06
8.946537787497354e-05
5.7450702093040316e-06
0.0020643317476349665
4.181195663998344e-06
0.0006598507978416119
5.529607327153333e-05
4.863831974086354e-06
7.96389814881353e-07
2.3604421569154808e-05
4.134663852567607e-05
0.002635234466340537
3.4152504644196447e-06
1.4066569330807051e-05
0.0011300208282740436
1.763739452429688e-06
0.0007396976404859703
3.233412926650066e-06
0.0012416056509434092
3.75284658972334e-06
6.840984899350849e-05
0.005710422455426413
3.8025325717701784e-06
1.019761656904501e-05
8.214555152183675e-07
0.0003515003981931958
1.604659878560636e-06
0.001231098383946704
0.001699485337941867
0.0010786642202219412
0.0011034535522877016
0.0006672158203206613
0.023334163144509503
2.2876343830584676e-05
3.33059119920205e-05
4.203097949404807e-05
6.727285606311711e-06
0.00010082399231809937
1.4518687148813236e-05
1.391180007942158e-05
3.6073825313533837e-06
0.00016923292821905818
2.5578008131978866e-06
0.0026033788825359045
2.275586371877217e-06
2.53413751092431e-06
0.003675497575997281
0.00019021590544222877
0.0007963635867396134
3.7793139401633725e-05
1.2974082088255297e-06
0.0004756857033422298
3.2392193881556934e-06
0.0004918693662362386
1.8747232783219646e-06
0.0014568279436001875
2.987576076251812e-06
3.3079241692510333e-07
4.062166124648313e-06
1.625561124151125e-06
3.502906810285711e-06
0.00023316609021878287
0.0012580231576823813
0.001333314948794374
0.0023144229892942004
0.0008437777683159444
0.00019982475398871966
0.00021381913663333824
0.00018143542057494808
0.0025969329085348694
1.3257140103077307e-06
2.4622039003196546e-06
1.2887529063742532e-05
0.001417146135279504
0.0009375957523587372
2.9846633994611958e-06
0.0003574513986217708
0.007595106870791429
0.00011483117172582308
0.005103740580171168
9.76503099898437e-07
1.641486733923505e-06
0.0013074386220504042
0.0005150338317237851
0.00046967813219794477
1.5123256554628797e-06
0.0015561589127828725
8.864101234228775e-07
0.00030874656253413883
0.00048006858430023086
0.0009993107756661745
0.0006661461971281192
2.6362483994672185e-06
1.6809870188158793e-06
1.3202431504014423e-06
1.7564945701809e-05
0.00137821481952087
4.409507737917443e-05
1.812176569983757e-06
0.0004126891849932818
9.524573510374694e-07
0.0007092548769979787
5.208779421775871e-06
0.00010027375321670799
0.0005148068102471551
0.006003540521231625
0.0005031786885499791
0.0001583109567491352
0.002961010310788568
0.0005259766313548753
0.0007039321579877776
0.0039132215741293904
0.0034579811952992726
5.348306448488778e-05
0.000880514941517204
6.384809308079549e-06
0.0009813321662941296
0.0013227451498633962
0.00012825807334273292
0.000332622392338526
5.039741052126679e-05
0.0007428980425443898
2.6054760263870885e-06
8.279441080426873e-05
2.4491820707568097e-06
2.7522877595731546e-06
0.0019270325261819454
0.0002478413175532668
2.755410414823702e-06
0.0003898459080925175
0.00044101921722292
0.0016768985275804685
3.519015210117997e-07
0.0015028673037893586
0.00011978680625064125
0.0005476652465625822
0.0007683606656979907
0.00041216770890930676
0.0002264461509150118
0.00010349351383598828
0.0018276408369056203
1.5707533156739454e-05
0.0020073240985344367
1.6290505970803074e-06
0.004720220859918271
0.0006483797498995525
0.000439992013266083
0.00034134923781004695
1.6790887994624017e-06
2.3411871823391867e-06
0.0004719273778332236
0.0009255798758635501
0.0009878299473362983
0.00013428654665198787
0.0021262176049015604
0.0027607066925057515
6.751300952436387e-05
0.0016823106364398756
0.002474163409463019
4.098032977462221e-06
2.038674984123505e-06
2.3727701718232063e-05
0.00016380694781464763
2.1676195899183313e-05
0.0008254502097976146
4.7255060725876127e-07
4.358119840054422e-06
1.394379755235052e-06
0.0003931688920708398
0.0006751187004642235
0.0004017518233478611
0.00014063445850311215
0.0004856952340828897
0.0042742334846468935
1.25512336355641e-06
3.5907139742322186e-06
8.982582902941619e-05
5.3242421404276514e-06
3.299511446795649e-05
0.0014020323500113898
0.007726084032065183
0.0019047309661651259
0.0005512897328451645
3.3046190877458193e-06
0.004803046843480611
0.0026184409151252023
0.0016626639424852092
1.0526084763221546e-05
0.0005248508125772957
0.0006155471965189506
3.4240440385205196e-06
7.8736854986871e-06
3.5782788861684227e-06
3.460672194585888e-06
0.0075146822542199445
0.0007321432914236255
1.7297078139793998e-06
1.184101272276242e-06
1.4634527667781446e-06
4.342156443906612e-06
2.1517906467402607e-06
0.0009377858102163605
0.000550526873808363
0.0017956771063970343
4.391950093595137e-06
3.5172910220269687e-06
7.227013213689717e-05
0.0015434779000751638
7.517579868112239e-06
3.4329678636165294e-06
1.900395552673624e-05
0.0005991869112288946
0.0001468167836599372
2.472520206899688e-06
3.255893099773354e-06
3.7755197336459465e-06
8.858140843081895e-07
0.0007089632691012538
0.0006934790383692209
0.001833879060712184
0.003965184481901542
0.0023953950290115603
0.001026793452422963
0.0011605977616531754
2.108970662363831e-06
0.0014638932160655164
2.9006506308766786e-05
0.0007851226765691433
0.0013747313531504407
0.0011949906429420637
0.0006719433689023732
4.429662305278365e-06
0.004469237410833746
6.886528010634659e-05
1.7099298603875185e-06
2.000513251293745e-06
0.0013197556076952402
0.0004327389913996196
7.482219413476614e-06
1.0287034178224415e-06
0.005526505895689516
2.9167520004569824e-06
3.1310667500447036e-05
7.936922674590211e-06
0.006949929781317744
3.8740228124591374e-06
8.596119478800668e-07
0.00016514128798188372
0.009469677977999653
1.647385038679845e-06
0.00042253684253845995
0.0006459323341573161
0.0051586349786673594
0.0010993409168979522
0.0005015907396671203
0.0007808882720920015
3.251186204022257e-05
0.0002629550466377706
7.686434770338488e-05
4.448552025200404e-06
2.447019764675015e-06
0.0022536322914438744
0.0004213544539967626
1.625835346113638e-05
3.6234264621618116e-06
0.0006793263877539206
0.0015480066752119794
5.096618872189494e-05
0.0008063661084257853
3.634726731809367e-06
0.002747623184959898
0.0006499994825310279
6.401761047032371e-06
0.008030296586845988
3.135896867528949e-06
9.254076402070561e-07
4.8530744745123394e-06
2.039595615604321e-06
0.00010442732029699755
7.047731937614719e-06
2.4124651922563356e-06
0.004121718139160807
9.843805583756282e-07
0.0006282438488142039
1.081888483028782e-06
0.0001663367790072457
0.002384602569422463
3.4483501304738276e-05
1.6961952660791168e-05
0.0005957326263543648
3.259956710905976e-06
0.0004525053481975077
0.0002279446653951602
0.00019680958039944334
3.6653869024335405e-06
4.219679274250335e-06
0.0020223615729629474
0.002543593566364872
0.0015539993331696361
2.698492853619705e-06
0.002470805944365333
0.001595697615867583
3.955358108414394e-06
1.90069694020898e-05
6.668162849186463e-06
1.753337067812237e-06
0.001223705987428955
0.002596332364605936
0.0007222811133259684
0.001417847475031711
9.5219505835905e-06
0.0007934286374277477
2.0469495599868083e-05
0.0035455036695792885
1.0564884935439803e-06
0.0022216566860724448
0.0007291599106167598
0.001852052534993611
0.003091732099510435
4.3045577611693446e-05
2.2418137166035204e-06
2.6024654096575752e-06
0.0006573576923375781
6.663273450127605e-05
4.9238959783184505e-06
5.168722713839748e-07
0.0007286082155545856
0.000625422946066378
7.261825246866221e-07
0.0009647605755797485
3.05110347863452e-06
0.00910300131873301
0.004246669012050794
1.603451791468705e-05
0.00039643863360062703
0.0007757609851014024
2.006796751407714e-06
4.725599842817185e-06
1.5226487249019274e-05
2.8701357159243754e-06
1.4996101898515483e-06
0.00029521283962293204
0.00033550661951912085
1.9284245677159616e-05
2.771751265394519e-06
3.10922290284239e-06
0.0018838838337201767
0.0007992843717094087
3.4795802522523625e-06
0.00041064650119651455
2.9062502641646925e-06
3.8638363794846e-06
0.000159347360125206
3.18975437103737e-06
0.00010151328661026264
1.8759708277456275e-06
0.0002767969356315583
2.9984771721775122e-06
0.0035920028406483473
0.00012106084633523342
0.0005239180763457676
9.439186645471232e-08
0.000902679662685319
3.6033321337218164e-06
0.004938760558425593
3.349890664611355e-06
0.0007260693466764116
0.00018763646282300025
0.0009671010411502823
0.0001339252931456613
4.492158681200384e-06
0.00023094676329615764
1.4804875965528607e-06
0.0007870300675661176
0.0015855359176065434
0.0003829555514111088
3.081142673723465e-06
1.4386319555150681e-05
0.008243275160632078
0.0018526649771726312
3.106135622482849e-06
0.0021913399763817155
2.7490252428774335e-06
4.786996958025375e-05
8.289843461517268e-06
0.0008633459517528985
0.0006475484354329998
0.001192378938809382
4.6782206984581625e-06
0.00034439289480188125
4.360010184892234e-06
0.0005612038394816083
7.032369894241568e-06
2.9706719787371673e-06
0.0024143625451385586
2.9960261735910005e-06
1.7473584851682985e-06
9.957008337627534e-06
1.8487240490320827e-06
0.00040458055203051037
0.00044362686514139914
8.401985847303995e-07
0.005615972365426921
0.0008231622104784037
0.00047543126590267505
0.00019576862187084087
0.0015353017889384432
3.6847823806168425e-05
0.0015925542585046373
0.009683541620822156
0.0004135047642854368
1.1075999516275413e-05
5.469342557079603e-06
0.001321182594919411
0.0007069128495862182
0.00042506242190690983
3.1938989840048045e-06
0.0012239424095382562
0.004133916228709699
1.829842495500961e-06
0.0003000367100741506
2.111142548639611e-05
0.0003226293371344639
0.003404787699957244
0.0022786411429280952
3.7649516111515887e-06
9.32107941116138e-07
1.533446054410084e-06
1.3724864083344103e-06
2.2960216463157403e-05
0.0004888324320797169
0.0033055267738825193
0.0006320119604557798
1.7765069787575285e-05
0.0012706114502129022
0.004830119592839349
0.0010178746582058683
0.0018572582163657093
0.0007744702576607007
