0.20375648342659597
0.0033380265749012065
0.0040371033076355865
0.004687630949652163
0.0021995399442250154
0.011849878682835461
0.004065327567151036
0.006632700399000394
0.0032976030029600624
0.012264966062455075
0.033160889402954544
0.0071223980742545715
0.0027962180369430407
0.0023289359551816775
0.0028225925443978047
0.016924936092884476
0.00832265052272949
0.0038372900136819004
0.0010493188839858678
0.003676656911362618
0.008352750945727306
0.003809099269410462
0.002764387738473174
0.004611905950704303
0.008039069005216512
0.011088453403768692
0.0022355328491367593
0.00023637426761717093
0.0013060283346497078
0.004864422063660901
0.0017934827312850701
0.0009426913819671046
0.0019272326434441995
0.0023421421651177183
0.0032661551672745273
0.002322389910509624
0.0020521315562121315
0.0010384575407670477
0.004147348139862915
0.0040851951532870304
0.00222001715678689
0.0015158412878355937
0.0014968960826973355
0.0009838009163662858
0.0036088817507284833
0.0016018732011032861
0.0010941225372247125
0.0007806614393303951
0.0009591386031319068
0.001036006900204102
0.0011011595308755627
0.0019296575119849058
0.0015103161000269217
0.0012860071235418747
0.0009628951665229752
0.002034483958721346
0.001378670703058881
0.0011229569941357354
0.0007767955837777893
0.0011876938776205566
0.0017757708126810094
0.0005657468453995515
0.001385925340300977
0.0006312710718008265
0.00039089869973687915
0.000736659055721141
0.0030586587460485083
0.0005764988816547777
0.0008170423394917611
0.005846174393635399
0.0005680153231986183
0.0007761529587682469
0.0008121164886673612
0.001741842582884936
0.0004071429074643096
0.0009132141900469931
0.0014655076180617509
0.0009555904918582494
0.0007418106273858868
0.006234829478215552
0.0010237551881388284
0.00030180010813334117
0.0007983261851620226
0.0026988579206059485
0.0016090419476215345
0.0006698224214012714
0.007393658536935474
0.0013966642524490805
0.00045296331551273445
0.0009011336509998584
0.0009062856448667231
0.0004814241646576097
0.0010512102201312111
0.0006771878289040698
0.000706491451260351
0.0002766565725359333
0.0006136643980693883
0.00039858827227309883
0.000687014082538466
0.0014333457173418271
0.00029906633642055484
0.0007771590803319787
0.0007152540390717721
0.0013298428250462782
0.001123417851441462
0.0003886356721351873
0.0018936703727531743
0.0003625042826989691
0.0005041594733583742
0.0002917426968074316
0.00048702243472590993
0.00031973092909133024
0.00012239150676728012
0.0002543418200045819
8.889611407582399e-05
0.0021014859788887957
0.0011242574456178398
0.0007107767605759275
0.0005272159109169327
0.0023444550503420717
0.0008464718183310399
4.429255862891621e-05
5.39703459785754e-05
0.0007842309066072188
0.0003359771520866382
0.0006153873869031252
0.0007194399759968877
0.0003156775056413907
8.842506193253543e-05
0.00014957357617245118
0.000337841940882601
0.0005297825593769935
0.0016802736959035014
0.0004090067688916557
0.00039014681785049193
9.225371054859827e-05
0.0003625071629210801
0.0006289186494116079
0.0013758436357437782
0.002121228922877494
0.00018205661228493097
0.0003146183645047344
0.00019874334444754994
9.739892474280736e-05
0.00048509723466909284
0.00026772236314398995
2.948800212109171e-05
0.00021826046108244999
0.0017909113010790138
0.0004904889864193812
0.0002093757950882038
0.00011724587604158668
0.00014407887960068267
0.000112453142061749
0.00018142865688243836
0.0008301916990636715
0.001062909175224477
0.0003460878314125425
0.00014484471026555631
0.0012714621614436036
0.0006456549567880499
0.00037108066141677533
0.0004832460657955965
0.00011329242544445152
0.00010786004557353826
0.0004040067317026048
0.0001619676900420861
0.0004342972467384833
0.0003269122016825302
0.00027976126142141664
0.00012266187942520934
0.00027543104268896724
0.0004559739561334497
0.00017483800717928567
0.0003503367307289335
0.000352428540151785
0.00013919519986300074
0.00015758228988416227
0.0002484634051421345
0.001294287638147682
0.00020815200075597045
0.0003942806335644643
0.00019172343206576948
0.0002658955281829969
0.0005352678304914514
0.00036829472853368793
0.0006252385255202658
0.00037010926143956165
0.00030050061684992106
0.0004986801542110356
0.0005913656083059011
0.0004402267660093817
0.00018598792088900067
0.000312728080769789
0.0004195730416477085
1.2849527480865244e-05
0.0005050107898452913
0.0001577810099834149
0.00044264326413879623
0.00031722817279391814
0.00014006616133497053
0.000350814074416657
0.0004723926301840627
0.0003498898801760328
0.00016988491089378022
0.0004999380844510328
8.843830367764615e-05
0.001092012592100595
0.0005531864449673532
0.000492356229272485
0.00017647705021748157
0.00033653532710874835
0.00030459530551227515
0.0001317245814871448
0.00023336974660864937
0.0002516279603186103
0.00016455941615639225
0.00035274478823506006
0.0003753136229007095
0.0003843559029181062
0.0002592968219132001
0.0001498893242587771
0.00035179255623263045
0.00032664525300762134
0.0005720482428689622
0.00030802556232133784
8.60016526947031e-05
0.0002284497968201285
0.00010115845349896457
0.0007527303391662902
0.0005731865539276649
0.0005787040130744467
0.0002450420985520544
0.000258766224319173
0.0001695699119743761
0.00020412690800117417
0.0003383753757471463
0.00030989023085301016
0.0014235575707722886
0.0001254636235153547
0.00022358134421139928
0.0002695519435559487
0.0002804634661467624
0.0002622852205161981
0.0002904173552120701
0.00020595075021374618
0.00021343337778460827
0.00012179646928634368
0.0003508037929466129
9.543599152976234e-05
7.159102648866968e-05
0.0002204921072163104
0.00042892938553780956
0.00019403010754974245
5.0993682235455376e-05
0.0001351029473038555
0.000257202436887282
0.00054991481246041
0.0006343470975109489
0.0006093848786838461
0.0004206884670230295
0.00018367156207955634
0.00023266998653749386
5.1947617419398596e-05
0.00027550068063230277
0.00029174260773767784
0.00012995976824266758
0.0002090890607622493
0.0005693196343012982
5.935075246035293e-05
0.00016295632700031207
0.0003155433695425278
0.00012198146832059541
0.00012913212041670524
0.00022171849755237762
0.0005882934170484246
0.0006277734842242472
0.0008929374208036181
0.0002536110857716234
0.0005349418575888432
0.0003778159316033928
0.0004983733978548353
0.00015849286735319305
0.0002983488614754192
0.00012905718775568778
0.0002671966875408199
0.000155432910041256
5.213740275325888e-05
0.00014159566973532718
0.00010450784707853258
7.069002906314462e-05
3.8131402237173214e-05
0.0001597916187042966
6.936757803236002e-05
0.0001276190138317563
4.642093326549162e-05
2.8776098176715842e-05
8.447067573721886e-05
0.00010808302717957725
0.00010994481685032758
7.095449250638981e-05
4.5125486534436334e-05
5.74596772106849e-05
5.517517207189968e-05
5.996512426198513e-05
7.780693907718054e-05
2.3249138266748484e-05
6.882613461607039e-05
2.226114550855394e-05
5.157989714612735e-05
1.197069891516826e-05
3.066151982224158e-05
1.6618100208063228e-05
4.978568917238183e-05
8.332458020557108e-05
6.784471802166968e-05
2.974603657828755e-05
5.634644735241688e-05
8.162410277484807e-05
8.910671929813169e-06
2.3036509990571147e-05
3.994361914729775e-05
3.634836921250185e-05
3.201296057731022e-05
4.5565133689985834e-05
7.168165497909312e-05
4.92181433037494e-05
9.487467957278026e-05
4.6335602636127994e-05
1.9994377829136185e-05
6.074169082550306e-05
3.244449353761275e-05
2.0991835325355533e-05
5.582533967986365e-06
6.403987598511791e-06
3.964550139977899e-05
4.79199057105235e-05
3.437343608734932e-05
6.212996422256906e-05
1.6103879498826437e-05
5.022348969445488e-06
4.4733185273017116e-05
2.3266061604856227e-05
1.2153431565957013e-05
1.291157772840083e-05
1.712812336700004e-05
8.002528370123623e-06
5.878494827526199e-06
6.419978237414511e-07
1.051523569402649e-06
4.386219754192373e-07
3.925708263788559e-07
8.089320986721778e-08
1.6111102169401998e-07
3.176480848830939e-07
1.5406601420066186e-07
5.394753954372649e-07
4.4429887211591785e-07
3.54582347036957e-07
4.5325052501605706e-07
9.94934816313722e-08
5.582486548374504e-07
2.4910253514860194e-07
2.421299985991521e-07
2.3907191773321205e-07
2.958380027417492e-07
2.995028633449786e-07
5.873469514629139e-07
2.4928738115361494e-07
1.0557076357545547e-07
2.2769414497338466e-07
3.973037488549169e-07
2.6743005938301624e-07
7.304949081171065e-08
2.741997233583597e-07
1.60739083367112e-07
1.7093803995666773e-07
3.600550097860904e-07
4.572723944472739e-07
1.6941060454203385e-07
3.005521826406706e-07
5.712109917629644e-07
2.2629223762790651e-07
2.0908229391184518e-07
3.1621967205448395e-07
3.268699026318844e-07
2.6434413528755187e-07
1.4510183586922538e-07
2.0151051757049787e-07
3.346213178493942e-07
4.2298461609468543e-07
3.1785381188889846e-07
4.993004236130717e-07
1.153852996132109e-07
1.6701356198675806e-07
1.3478676747777444e-07
5.376933069484332e-07
8.583205959615346e-08
2.9941701479056167e-07
1.8132367037549422e-07
1.4055634532960322e-07
2.9575424349208837e-07
1.6803258654890632e-07
2.1660175560194275e-07
1.8572196425180792e-07
2.8308312247317745e-07
2.452352066035002e-07
2.331765725377556e-07
2.057069870189886e-07
2.0290811730182064e-07
1.3897168707644852e-07
2.625179669904298e-07
7.002493880218865e-08
1.7453380121401075e-07
5.086202512553493e-07
1.0547172784012073e-07
2.7154008496946663e-07
2.588442463002521e-07
3.6040872223067365e-07
2.2873768102544392e-07
1.9726227530903216e-07
4.4260172661715357e-07
4.5366227403628005e-07
2.961905565367699e-07
2.879480149207943e-07
5.279901669051903e-07
3.436634341872958e-07
1.5932934647173752e-07
4.646382211783647e-07
7.599745951990029e-07
1.5548700202752063e-07
3.776700111585957e-07
2.3055338691432324e-07
3.8132939068420156e-07
3.0981148777185897e-07
1.667027378848629e-07
3.8782937264063076e-07
2.6569938815192945e-07
2.1442590143234568e-07
1.2078794460720138e-07
1.4924004220803852e-07
2.2301529690047798e-07
3.237080889425038e-07
5.861819498085375e-07
5.405701894288018e-08
6.689173653985435e-07
4.267393136078349e-07
3.206627474095027e-07
2.1055015783392644e-07
2.4088149965026826e-07
2.8256836901861374e-07
3.4853199361328535e-07
3.821546972005977e-07
4.109195905763955e-07
1.5704125048417853e-07
4.7137685590753434e-07
2.800803580925183e-07
1.9788369478250172e-07
3.0014109727131984e-07
1.580075328488232e-07
1.2848274090728508e-07
3.337422427903716e-07
2.2144863073417319e-07
3.1447844096638534e-07
2.5597324089234014e-07
1.0558869475230927e-07
1.4868868094171452e-07
3.2184675434108367e-07
2.4165047855718763e-07
3.891567925204817e-07
5.165159610316748e-07
1.7743510323107197e-07
1.7075263754051597e-07
2.2385735576643708e-07
3.703583056791886e-07
9.791980194465768e-08
1.9959897476805022e-08
5.326900932620039e-07
1.31292810345112e-07
3.4821519648454453e-07
2.287461812687661e-07
2.6875240336746285e-07
2.692472110040042e-07
1.8180597186867907e-07
1.7419470673278972e-07
2.5119176131692526e-07
1.6935007705392755e-07
1.4234617239576898e-07
2.7920045573988134e-07
1.5307043314364357e-07
1.3474555078072024e-07
3.8494224180098276e-07
2.867005460439516e-07
9.216731238937279e-08
6.764930162047954e-07
2.7471614135293295e-07
3.1561049070094754e-07
2.849122500770326e-07
1.2863698185338927e-07
3.682959222486735e-07
1.8506300650128706e-07
3.706935737335038e-07
3.6853679292024063e-07
5.452382471287013e-07
3.2146593157755195e-07
2.0520777115437695e-07
3.0471200664614326e-07
1.9900884907977818e-07
2.482837115262526e-07
4.91493046263748e-07
2.368726359232438e-07
1.8891467864682193e-07
3.871767549475017e-07
2.624913844918323e-07
4.45652212468435e-07
2.468697828921341e-07
4.2706940675579674e-07
4.105845464863441e-07
3.1492986758387164e-07
3.78318471558073e-07
2.1805129936120886e-07
4.502598266115534e-07
2.625360710885498e-07
2.802067521125326e-07
3.5962920475809213e-07
5.942330002784914e-07
3.3070976603437617e-07
2.9064619465316895e-07
4.1357437823789907e-07
3.459592310956385e-08
3.2251578680913295e-07
6.0812238802962e-07
4.992550742257731e-07
2.337762254216316e-07
3.226394192770335e-07
6.978862404167344e-07
5.4491430424376e-07
2.7448998284736187e-07
1.1176256027424752e-07
2.87135893303843e-07
1.8854102660525076e-07
2.6028590456882786e-07
3.356386065232366e-07
1.5610235482222107e-07
2.198344814889828e-07
5.044298265874663e-07
3.1107632746787847e-07
5.695686094728926e-07
1.3999239506113683e-07
3.6449698557146315e-07
4.0212708587443666e-07
3.4964635395038893e-07
4.126281394480616e-07
2.8719592449683656e-07
4.2408919597486454e-07
8.778547800343415e-08
3.6116239600909814e-07
3.8667548549978925e-07
1.999284206741456e-07
1.704279463791498e-07
2.5441048019230677e-07
3.2796552698728335e-07
5.353801753482272e-07
1.1019937678511757e-07
4.1860504963111435e-07
5.143216348022982e-07
5.087706293882438e-08
5.446986081731392e-07
8.937586761845409e-08
2.3374867834997756e-07
3.11181753864064e-07
3.4195616532117185e-07
3.451835872676554e-07
1.2232261765627183e-07
2.9196599593678807e-07
3.582582375860395e-07
2.9214715195762895e-07
4.049434490267525e-07
9.990647335805777e-08
4.3049123356357513e-07
5.181771968815718e-07
3.3810669167506315e-07
1.8989975156941758e-07
3.806631997698578e-07
5.226969921069645e-07
3.163447144230516e-07
1.4026148867059957e-07
6.08696184662665e-07
3.725344801837023e-07
2.5807981244689575e-07
6.032825671488463e-07
4.0330281882792666e-07
3.83665294974872e-07
5.833851819365041e-07
2.798987427412732e-07
5.759297740740442e-07
4.7310476244488556e-07
3.184992627912048e-07
4.3681832094853053e-07
3.3978575284889197e-07
1.7907216719258101e-07
6.682846537444853e-07
1.473510254765836e-07
3.3693875174294416e-07
4.289381427915532e-07
1.323447468461588e-07
5.190087265709557e-07
1.351371353712823e-07
3.688718020907181e-07
3.8790857667389513e-07
5.057066480246275e-07
3.2092270416926244e-07
3.2369234081188487e-07
2.991528691376924e-07
3.1626343043809804e-07
2.2085387791287992e-07
3.7659963690722075e-07
8.090617848516891e-08
2.941835108337213e-07
5.704127397187929e-07
2.0697274482794186e-07
1.7187525787139115e-07
8.90531942900022e-08
3.408325970529645e-07
4.725328640847839e-07
2.881434265137857e-07
3.040956965889114e-07
4.0189267745585125e-07
1.2465608184900506e-07
4.833453557890752e-08
4.81758608432155e-07
3.576001945864247e-07
9.127158066623305e-08
4.263124520447336e-07
5.036537374466216e-07
1.107037907078351e-07
1.3194429709190831e-07
5.435134876328725e-07
3.566791244888781e-07
5.61142876935739e-07
6.167042848237461e-07
5.192259759040281e-08
1.2617859476453211e-07
1.7754199626086603e-07
4.532805064292426e-07
2.8814455157160047e-07
9.405835345274742e-09
1.342085363944078e-07
4.3254515916715836e-07
3.561704345908453e-07
2.8176952582548817e-07
7.098564797085505e-07
1.2624586119340295e-06
4.970066977831162e-06
8.220818102952838e-06
5.10884369221647e-06
2.7471829941924252e-05
2.231108500087164e-05
2.7883333990336327e-05
1.005239236843373e-05
4.125797696915135e-05
2.7436458999505345e-05
8.314438148417895e-05
2.3087779596765816e-05
4.8617310558189386e-05
2.0784100273597906e-05
2.259270265063069e-06
2.364121530093112e-05
3.1259977556177574e-05
7.554282670059554e-05
3.534293953816644e-05
4.908963773617794e-05
5.594147573551697e-05
3.5031017479827567e-05
1.3251235221671033e-05
0.00010143135520558224
7.604375392802553e-06
6.822353009159458e-05
4.250756885014777e-05
4.883770549839737e-05
4.016257712209076e-05
2.4760625295646516e-05
9.37814423103642e-05
6.668764471338535e-05
9.451093675023726e-05
5.0487918257848834e-05
6.092128853244833e-05
3.280837464570657e-05
4.010888622384962e-05
8.182351016455237e-05
6.408507893961666e-05
3.77181810971642e-05
7.010792345008998e-05
5.983381102966475e-05
1.580933360918502e-05
2.8214341801838106e-05
8.25752591582215e-05
4.6634039162947e-05
6.436286533958495e-05
5.140863057971392e-05
5.464622525798016e-05
0.00011501486002710172
6.710520162370032e-05
4.814733712171023e-05
7.215401273970205e-05
7.326280852317016e-05
7.02081584817788e-05
0.0001206042603126875
0.00010976760327779101
7.927357199149968e-05
0.00014243333331131032
0.00023205008788362337
0.00018008500558126347
0.00025985610508360045
6.838848830699131e-05
0.00017143849075026087
0.00018055681088262056
0.0001551286025710466
0.00020688708039109894
0.00048583627227438513
0.0004614013647526024
0.00023087373301953676
0.0002420235360320069
0.0011401229718577782
0.0008330223993515821
0.0004803396587432471
0.00013126215128878645
0.0001276872483761528
0.00023190907564179654
0.00044483468251294814
8.19231307278209e-05
0.00023173788323839551
0.0006699118616177298
0.00014944030719192978
0.00010826792331307949
0.0004060914048453863
0.00029973435961063095
0.0004682237535037237
0.00010364404589841686
0.00019902575906781717
0.00028164663832156697
0.0006432256832852845
0.0008582171430776794
0.000666603310741468
0.000149844405794612
0.0002480876392014004
6.292504241846408e-05
0.00011154747632194491
0.0002963130376398096
0.00021733249949472985
0.00012517269090321694
0.0002074911084782766
0.00012980042309739394
0.0003345416270978532
9.618337094848842e-05
4.297892606570499e-05
0.00017093564801171863
0.00039346983291451825
0.00047851192361591735
0.00022157673705215105
0.0006097508853610844
0.0003043158306768658
0.001484711664572817
0.00025271798577842207
0.00030747872592072183
8.200263579666729e-05
8.574189505973894e-05
0.00021252092766651222
8.015701488679771e-05
0.0005193077607127048
0.0004416923728448741
0.0006186732256588732
0.00016760803901978244
0.00017271348270585606
0.00027474057404807675
0.00032839831454072206
0.0009017473349684707
6.532736042611654e-05
0.0004963816285703142
0.0003677168288628198
0.0001249486332312028
0.000534486539082453
0.0009211276179626426
0.0004189289296431045
5.763436961319133e-05
0.00022231153975430093
0.00033280211655610726
0.0002208014805374639
0.0002575533185862136
0.00016506794718143943
0.00010874446589302818
0.00042542261672794314
0.00018872916342372375
0.0010506007833478654
0.00029914320504022913
0.0003500318872691898
0.00021669041048890528
0.000184448269618921
0.0003683881380701139
0.0002451755101305273
0.00020690900404375968
0.0002083727280492972
0.00032786339567533187
0.00019426950206128608
0.0004238256530524396
0.00038216029245672153
0.00034462304566534256
0.00020425382585607273
0.00019515776983571612
0.0002525634179667181
0.0003302382425060213
0.00035587816703303623
0.00041407659820616693
0.0003671749514027215
0.0006661081473330582
0.0006310738077981909
0.000910793743422544
0.00019362561501148673
0.00030435139898773685
0.00025273735822849505
0.00018900744904937057
0.0004609278665258103
0.0005149257113699733
0.00015258164524142317
4.6740843000021876e-05
0.00024646192821937616
0.0002619953301164148
0.0002151829964943119
0.00045531633579881995
0.0003599160764460687
8.319199926859602e-05
0.000591865949705863
8.901750060052863e-05
0.0006822578530046069
0.00023567205814633904
0.0002732169747173384
0.00021197084549945194
0.00011484333168013668
0.00011865948474965917
0.0003603679651899801
0.0005281846079896863
0.0011693102485008937
0.0008191625263100365
0.0002924486367362489
0.0002962780350839975
0.0006618980276216976
0.000347412702456532
0.00015050764860225727
0.00055978909638874
6.79803356168685e-05
0.00037093048735566234
0.0008058216737048326
0.002147983948567438
0.00026809535334704464
0.0004430293168334495
0.0001913083632363916
0.0002427465124280078
0.00039526296831374734
0.0001164830370341807
0.0003382404886814757
0.0003316584196698146
0.0017721655957476247
0.0010582888996065014
0.00036252615666859835
0.0005768371171942532
0.0005801289122176914
0.0007586817484319521
0.000419653855639701
0.002527106181701084
0.00014050425496717214
0.0004362466004718716
0.00035377439592884744
4.892085906821313e-05
0.0002543072552588566
0.0005616173629029258
0.00031992393166297377
0.0001919387961894307
0.00034955799350936274
0.0003866746478509434
0.0007060587928499811
0.0006210939059249713
0.0012681826854714403
0.000975808611657061
0.0008421860390036333
0.00044084737160783485
0.0018196068346270806
0.0007358980680478692
0.0003143123797408109
0.0003451562670043225
0.00021294389744107563
0.0005201309644612315
0.00023881190051784724
0.0005647850911347616
0.00023045361144683838
0.0018248292654342052
0.00034292419259064985
0.0014950583552051661
0.001599247711162305
0.0012913736888316152
0.0007198317166063402
0.0006497528620887893
0.001315217563884927
0.0006498013932087148
0.0005976296176913299
0.001191697976980259
0.00038514384620084855
0.00015746427208992306
0.00043947628340957815
0.0014764011382400095
0.0003791163433925186
0.0008534893531903736
0.0013745624874472876
0.0008249184408753254
0.0009257501390456571
0.005663810613295273
0.0008605529516763659
0.001393103406913408
0.0026526178710899575
0.0001832077238237109
0.00033019650704629573
0.0012613331590535764
0.006427920717937576
0.0008734536176382581
0.0004747569704694552
0.001704382715485477
0.001014911218689085
0.0005155170480888432
0.0014409433025415366
0.001487648456026651
0.0003674524266992789
0.0010716722268140596
0.004617887578543942
0.001551156644722474
0.0013217546567978607
0.003467670045560779
0.0001226909986044095
0.0008937479619659862
0.00013194590564053317
0.0013899337790229185
0.0016771579261804683
0.0018355954158622244
0.000529870973127247
0.00019372374220045482
0.0002630584112279113
0.0012284533447899303
0.001109269028622711
0.0011160578035324437
0.0014314047886426558
0.0013779269338574194
0.0012446999212026011
0.002806875171577222
0.0014111950026584265
0.0010800116163665293
0.0008000268456017194
0.0015858053537805242
0.0027410785508981284
0.0024923692320057192
0.0009145392932249874
0.00018134236663128357
0.001855931040434911
0.001539224413830042
0.0035942894180769776
0.0012877148757878187
0.0020267417437854415
0.001125227060746047
0.0002537576032427477
0.0035187278029959034
0.002346398151726237
0.0017846126765167921
0.0018359682697764391
0.003454222176109379
0.0032137796041484586
0.0009231352754829093
0.001599580111698029
0.0008286659525098045
0.020231033734365356
0.006203637371506463
0.0014067766471861716
0.0030069721343701852
0.004447237842518029
0.008403919307296953
0.007964816996628309
0.0018728779676886313
0.00647792762923501
0.008830615522693073
0.007852395556077647
0.010843001220844486
0.007267270984219644
0.0016094934468567643
0.026489621991203412
0.047949789468328015
0.00485768064765229
0.007198276134747328
0.006572245315777678
0.002752324938253134
0.02191289548301533
0.012417503022920025
0.002399364226742513
0.0010846147943668766
0.0024563965772819345
