0.008188220024309032
0.014457131675487393
0.01936162926944764
0.006516118312484092
0.010865464200615188
0.0013463977320678287
0.0022064092794720535
0.002476404821834868
0.0012286885553149274
0.0015288425892977236
0.011052365612600581
0.006373941288159629
0.001666577081456991
0.010202232305316484
0.004419381457965036
0.02746409883490356
0.00786503215964833
0.0020334622023844007
0.0032787467370956423
0.004311185248285015
0.0053518835637538
0.006369379264764608
0.002853943627485955
0.0035812229670558102
0.0008111446037531307
0.0038981599572846443
0.0043073815770817495
0.0031670478194447114
0.002374365195007667
0.003406641502275894
0.01440610347585059
0.006552896396615533
0.003290001835398631
0.0033563972029108584
0.000813678941008536
0.0025691851033671333
0.00043509820250553136
0.004596605165426011
0.002945545662006451
0.0026373728600205177
0.0024151087353769373
0.0004833752795286096
0.015633885001547436
0.007667756405578316
0.0025470979217612874
0.01257207197131772
0.0010237020818613938
0.0019072774072903507
0.0009928347254743234
0.002686143797068779
0.011840501586166364
0.005172883347477598
0.002497756443327027
0.006141274817998851
0.003147643822817102
0.002461395292270227
0.0008269325556110251
0.0018643875196854382
0.0032665661840440403
0.002814995311021971
0.010108297654377485
0.005938568338039493
0.000494570717707925
0.004656442571486165
0.0007093766209438909
0.0030386721171730955
0.00304742476825295
0.0018552621711051584
0.004208406785665882
0.002375925685103394
0.002796898608726409
0.0009031840583539369
0.0014634250891063364
0.0017920848967139759
0.00186490749450565
0.002655474360697894
0.002046460464199446
0.0007608076522257748
0.0001433671674258843
0.0021130905159043463
0.006534564601611806
0.0009428824426985669
0.0017530164136074732
0.002219069599714999
0.003135732328825381
0.00014143830288336652
0.002839292462130301
0.0030767805880784
0.0009814883503242798
0.0018046248751206898
0.005785766844261069
0.0021527445306723015
0.0022191860422339847
0.0013202483770640434
0.0027923262032487992
0.0027778162647319376
0.0017059927231924308
0.0011588126116702426
0.0008726972094693687
0.0002331830131732091
0.0020242849279903507
0.003944577753580541
0.0012684361213419174
0.0030292349558376517
0.002858961069640072
0.0006095785019659968
0.0003966034094027231
0.0010533116072920076
0.0013952707881407691
0.0016819923116874222
0.0016247103311370224
0.0006984292026347953
0.0007996248152483458
0.0004499911248612536
0.0006750197261434014
0.000352576942452016
0.0009606514933961807
0.0019070560156024558
0.0012133347801175792
0.0003370840124950985
0.0013037673550139125
0.0007494979024993649
0.0005246942840532195
0.0014208477367905188
0.0003975575769103091
0.0005480876726855018
0.0006954949764171783
0.001093236785613158
0.00018845061911367276
6.440823424761598e-05
0.0018561935165908531
0.0005428080159818337
0.0009645102763042267
0.0014043504138085633
0.0009161640538744659
0.0009722181203330143
0.0013936264428844392
0.0003147062599936251
0.0013274312103863175
0.0006351518024553647
0.0010594056924703532
0.0013124972770743573
0.0006705557967990958
0.001015244359136211
0.0007993899161232092
0.0007856856475889699
0.0009991274825380254
0.0010249955363627059
0.0015336535134282227
0.00030616975547417233
0.0012217571526898787
0.0008679762746955482
0.0012519554069539234
0.0008250266957099133
0.00015016135902496563
0.0008838316358247447
0.000994926363469935
0.0009231065144608232
0.0008751047380813433
0.000907153382991079
0.00018269140025308216
0.00032682879231836704
0.0007588984278939146
8.473757258587657e-05
0.00041334375127684167
0.0007704202341859717
0.0007769748311379249
0.000582738621198674
0.0008530211413665581
0.0010983656868258224
0.0014837053603187354
0.000913156646422064
0.00031294295553688765
0.0006099657372137658
0.0015888322962045267
0.00019386455093714643
0.0004321646932853186
0.0002649809764816985
0.0004489171523952852
0.0011451788547267316
0.00022079116345338366
0.00025779998204560734
0.0003235826740640009
0.000568349277892324
0.0005409025743642465
0.0006901228861948508
0.0009009574410549588
0.0011112774045375492
0.0006968492459658777
0.0007925427708212841
7.297582473871687e-05
0.00034606450203000496
0.0001297515259793528
0.00035227441069256575
0.0009071078181934658
0.00020009319230724195
0.00014379251665714256
0.0010044254977908788
0.000858730280430188
0.0006297628882546657
0.0006845408369184388
0.00037460417781233664
0.0005746631000865831
0.00027784255538578894
0.0004965909706234319
0.00014761459243917095
0.000215526739620063
0.00044101004176265327
0.00031124967497819236
0.0005183519542899228
0.0005391344335442198
0.00029372047884045267
1.1819568171202108e-05
0.000791122084618619
0.0004313611638026992
0.0006906522276764316
0.00042800070181395753
0.00019428258465008455
0.00044427740549964686
0.00051768412710086
0.00010504017866544848
0.0005107367647208847
0.000831191345208988
0.00011795515978735815
0.00033478406755064495
7.083155501617675e-05
0.00023180541286432467
9.503876369203162e-05
0.0002914684553353903
0.00041055565560889785
0.0003339418532058329
0.00034723736777721176
0.0002682041242011579
0.00026079072185273915
0.0003293242345487913
0.00029460781642766566
0.00011162411362976868
0.0003920816633976105
0.0003342636056049199
0.0003712010022053305
0.0002120953799968736
6.709023046772272e-05
0.0003453788935715334
0.00038266239413956726
6.571211856159645e-05
0.0003241402954772377
0.0005272128523218359
0.0002790849348013642
0.00019041664622860443
0.0003213080373801001
0.00028889342700141554
0.00016982080269497432
0.00030752346248644257
0.0004133791581521245
0.0002897646477671287
0.00031287692660364425
0.00028219749674396316
0.00015320480873396415
3.9539381567999665e-05
0.00019295539684162808
8.105996182560176e-05
0.00017362212268673253
7.363142512470829e-05
0.0002992833199431249
0.00010427538086307479
0.00029047351062292764
0.00012169449821472694
0.00011022736385603558
8.353563358225161e-05
0.00023793286991360306
0.00026366598234431836
0.000258099166793707
5.0414935641683057e-05
6.696982298611144e-05
8.862923420019654e-05
9.182773120248657e-05
0.0001587884124086583
0.000442648024234107
0.00033738054384397585
0.00029284561836342683
8.050142442146544e-05
5.468521086437477e-05
0.00014939391662483465
0.0001883317320127168
0.00013950040536027728
0.00014235045557002205
5.1462165509344765e-05
0.00011439549044755973
0.00012330450535311013
0.00012921638870114346
0.00015568684948948734
0.00022264561397615715
9.655656283552835e-05
6.572489753193953e-05
9.814625992713416e-05
8.602937057627397e-05
7.715870422808597e-05
0.00019784969887017852
2.721030825670222e-05
0.00022086469392508968
0.0001020732531628536
0.00012872066601699112
3.2201402403283254e-05
2.603968091136707e-05
1.2034252618757598e-05
0.00010135761117603204
4.485131957258606e-05
5.8164030148376214e-05
5.19366717641883e-05
0.00013109877710692594
5.9346468544295705e-05
0.00011945611433263412
8.21362789093247e-05
8.12864862480282e-05
3.2083464216530746e-05
3.3114417412257484e-05
5.852230975967197e-05
3.340871269455099e-05
0.00010281873899137644
1.835788411215151e-05
7.671070177063003e-05
6.106292510412477e-05
0.00011971988435089385
2.208477649844128e-05
0.0001405277214419685
4.984293638390851e-05
5.1084461850782744e-05
5.3421931347269755e-05
0.00012666659314207202
6.0432949014439936e-05
1.888800022159141e-05
0.0001402627070658622
2.7261475288348756e-05
6.284742296838627e-05
7.610958515077328e-05
1.3723976499876103e-05
5.7933062941698155e-05
2.4209519160341146e-05
2.530900988399454e-05
5.7148371985265516e-05
5.091174343464294e-05
4.526649592175416e-05
7.920069736728228e-05
5.774824198142128e-05
7.9354228962537e-05
2.4483595232981735e-05
1.8633258347034543e-05
6.042292462085132e-06
5.362024841562944e-06
1.2445337336184312e-06
4.201810609751895e-06
6.419378333685312e-06
2.8908711017039575e-06
2.1906879001303658e-06
2.073758592705657e-06
3.940590080639216e-06
2.272275233721814e-06
1.7580012300281149e-06
6.86230373316864e-06
7.036732403823779e-06
4.063989641858201e-06
3.5876122488948434e-06
2.3266117083853953e-06
1.401838459737694e-06
3.475942037356719e-06
9.745961611022865e-07
3.6195753775302545e-06
4.598260271262372e-06
5.5246451946149585e-06
3.8459749848655135e-06
7.718736597480148e-07
4.888339395731128e-06
5.313436718061257e-06
1.820699488053551e-06
5.1529187064467075e-06
2.824782863788045e-06
4.517077071898945e-06
1.6896341961453304e-06
5.1876488856984035e-06
6.636561521774842e-06
5.238635491871779e-06
3.5855139152242584e-07
3.0450509959620563e-06
1.038145810815095e-06
2.8477717620626613e-06
3.2399496237719966e-06
1.8193976631723246e-06
2.2223293095882167e-06
7.749192410157373e-07
2.5282828614137667e-06
3.115976921397851e-06
2.5191482501698026e-06
7.0908358622603625e-06
5.258790919476417e-06
3.2344064410149017e-06
1.6280561825462672e-06
1.1780487410620569e-06
4.918441499371253e-06
2.386001157013981e-06
4.663717890614837e-06
3.7646390084686396e-06
3.877799960874519e-06
3.3146263656106576e-06
1.9884369221098904e-06
1.5759205797143444e-06
3.840037233164524e-06
4.1440446360216546e-07
6.7345774795770344e-06
5.024827476260996e-06
4.476194402190485e-06
2.5151914541361557e-06
3.849172362523681e-06
5.004194992916714e-06
1.6450228622733895e-06
6.138980245534199e-07
1.6949417488690813e-06
1.4088997866914504e-06
2.1717940128243397e-06
1.3518501206981216e-06
4.341030509201758e-06
6.5078589486665325e-06
1.4929440295407629e-06
2.086914662431058e-06
1.6142190121871937e-06
3.058888758251546e-06
6.282915201005731e-06
6.869145214086509e-06
2.02321346443643e-06
2.7357553052366154e-06
3.5927730703362616e-06
3.0919132991950218e-06
5.4809952727559705e-06
1.6387027013703142e-06
2.7927318420738537e-06
4.239517090095432e-06
4.165915485462611e-06
1.8431502979255711e-06
3.6707530678772523e-06
1.9274942403506158e-06
2.088232278570005e-06
1.580141495684575e-06
3.1438100011512577e-06
1.8274645102465127e-06
7.476435682356025e-07
2.9868509079499746e-06
1.2469385867902405e-06
3.3304862390791335e-06
2.9099090665961383e-06
1.5653251639486682e-06
5.997535391222966e-06
1.6328794576249204e-06
1.4420345962850338e-06
8.741162134265769e-07
2.5718186670917613e-06
2.519081664431526e-06
1.6307928004588062e-06
1.9326733947789882e-06
1.0288093527723916e-06
3.205664802102878e-06
4.575783456420428e-06
3.4193479692667767e-06
1.8390440974326334e-06
4.3489919732913215e-06
2.3980321004315312e-06
2.079886699445712e-06
1.9187351747735065e-06
1.286924103681995e-06
4.758617205962451e-06
3.918542379726758e-06
4.319028910135587e-06
2.0734299017756068e-06
1.7451192516174333e-06
1.8397321960345965e-06
4.371353445879553e-06
2.16041149908842e-06
1.6507469879598457e-06
5.41692210865529e-07
2.871795508344223e-07
3.5660585438119142e-06
1.950312181868899e-06
3.449046521763542e-07
2.755491384571761e-06
1.858193374345336e-06
2.9750543244929266e-06
2.5268804934611944e-06
1.1223627986091433e-06
1.0386713415106281e-06
4.130680208998264e-06
4.501126774220912e-06
2.635042635693371e-06
2.5306233707824694e-06
3.4116201413209588e-06
3.514707780083106e-07
4.905912174952035e-06
1.679748360123333e-06
2.6033790263705603e-06
1.912221967296036e-06
1.0888959501128813e-06
4.175164383280511e-06
2.284448701607338e-06
1.885687200706167e-06
1.8292068641055275e-06
2.618815249813396e-06
2.2092481821791217e-06
3.4418478232861156e-06
8.715688466808332e-07
1.7087010597549606e-06
5.568133957468164e-07
1.3823353804848204e-06
1.9017842120911484e-06
1.840354563822588e-06
1.5091912768935348e-06
3.896569674949971e-06
4.027990869527259e-06
1.1908853692758177e-06
1.794510041718925e-06
3.099493621321687e-06
3.906912122844564e-06
4.091034139766238e-06
2.0676770158186987e-06
2.3762235869446167e-06
4.143684781073017e-06
7.469765074782434e-07
1.0797818442840449e-06
2.490171692453608e-06
4.032721370762089e-06
1.0637964873626827e-06
3.88328820531617e-06
3.3465695532124603e-06
1.3616168222898035e-06
1.1080650602336362e-06
3.28789574395701e-06
2.4593278420296892e-06
6.230421978972083e-06
3.3415430445268176e-06
3.3339935350773618e-06
3.784288937185422e-06
5.819195954508683e-07
3.2930454965762034e-06
1.5240497904973376e-06
1.2096383776827962e-06
1.3640317306639354e-06
1.131112118022127e-06
2.978728739155922e-06
1.7895844592406518e-06
3.759582366401978e-06
2.046003648444867e-06
2.2981381688098385e-06
5.4058823497327746e-06
1.7581236458690768e-06
3.325271827803928e-06
4.962574612852771e-06
8.243697414916324e-07
1.4441625163679207e-06
1.092555459431645e-06
3.1628162086064306e-06
1.9639243818310687e-06
3.5812987954010514e-06
2.363412339126617e-06
7.55978118770249e-07
3.4191932792788205e-06
2.5423489588068397e-06
1.7800686278675694e-06
3.040062202405146e-06
8.528088566878491e-07
9.895609990993969e-07
2.056910575514394e-06
1.414914010054373e-06
2.034030022102536e-06
2.715616292065493e-06
2.3912287769291853e-06
3.4323007794891142e-06
3.5925019313659507e-06
1.155286401129604e-06
3.11508481658429e-06
8.43546774717803e-07
1.4730442518627137e-06
3.449942956987629e-06
7.418882468526818e-06
4.4048578180215435e-06
1.996734237123506e-06
2.415707542707353e-06
1.760497423797468e-06
1.7654541707557932e-06
5.057628513717674e-06
1.8744789169986645e-06
2.6008281720631004e-06
4.5991714051035424e-06
1.4900985503887906e-06
2.179409160662781e-06
2.9261158534372143e-06
1.260065954085084e-06
3.045991816815383e-06
2.9277128890379136e-06
5.191477018568294e-06
2.4537982928956114e-06
3.5949982303788445e-07
8.335817298677418e-07
1.7899072310014127e-06
6.93334768527578e-06
1.5097628376221217e-06
2.311086830100275e-06
1.7042650284267576e-06
3.628085310577471e-07
1.4632039857803246e-06
1.7338188386808658e-06
2.0718581805622303e-06
1.1840840095060483e-06
3.0348132196826496e-06
2.655379355509779e-06
5.047654146880672e-07
4.009009124526688e-06
2.722317263208746e-06
3.7733143437311453e-06
1.6829861279663583e-06
4.828727743189838e-06
2.087950615103733e-06
1.1302305438545905e-06
4.99730169681502e-06
5.242274481846984e-06
2.716645978470822e-06
3.8099202670615938e-06
4.9879868683092565e-06
3.320050531061773e-06
4.204491032630532e-06
1.63801045857507e-06
2.2575942986356894e-06
3.3999950835307637e-06
2.1884127989864526e-06
2.846259254733861e-06
1.8822008585389833e-06
2.0312562572766104e-06
8.947822675107262e-07
5.383139512994741e-06
3.2757914265710527e-06
2.1904614510076378e-06
2.5544601634593297e-06
6.534610287370473e-06
4.443635737093753e-06
3.5467252871425597e-06
3.647921713373669e-06
5.388892285827917e-06
4.420130685856774e-06
2.462076484202741e-06
1.092608235686181e-06
3.0971342570115197e-06
6.1242307962552196e-06
4.997189612831669e-06
3.988896864931008e-06
3.844822597907863e-06
6.480982407206016e-06
7.4438073294703765e-06
7.235944238837782e-06
3.574966504341509e-06
1.3651279576134296e-05
8.439262474851605e-06
6.846246598211683e-05
1.3169965020506612e-05
2.1452125000466887e-05
8.911222566592464e-05
6.948678073298171e-05
4.630463588778412e-05
6.592065385750742e-05
8.136497660060044e-05
6.867822054721682e-05
3.490476058591504e-05
6.273027289280238e-05
5.153539885080769e-05
0.00010927856469719189
8.661289803453958e-05
2.1394039848934284e-05
8.977091589848898e-05
9.5846465028132e-05
4.9156434927243744e-05
4.178237726723487e-05
8.729979936013725e-05
4.4412770629892576e-05
0.00015796143765820455
7.552387180126982e-05
0.00010770267426861907
4.357004358214948e-05
1.1552165972275183e-05
0.00010590730347222633
2.7402594167728977e-05
0.0001408788253932105
0.00010127856820314118
0.00013514103449104717
6.794745769130945e-05
3.0809765370619695e-05
3.289650104370485e-05
3.1442720888869224e-05
4.4895946093739473e-05
6.849813190642157e-05
5.642363046104524e-05
6.435873770803903e-05
0.00013863034732088496
7.368818673214983e-05
7.431592534999934e-05
8.521205233139526e-05
0.00016780931897878457
6.782431997147146e-05
0.00019305814828618747
0.00012447836179238617
0.0002440950806345449
9.672901996064805e-05
7.89378769623751e-05
0.00013495277763786006
0.0002129377394026718
0.00012068294884782711
0.0002971422536573617
0.00018872841308397188
0.00011089768476422508
0.00011095428628110453
0.0001562761266074773
0.00020927557080006106
5.700127920875873e-05
2.5787412679312373e-05
0.00010299436123662995
9.800080337927719e-05
3.302717487746707e-05
0.00019889336297601161
0.0002458437315110672
0.00026942011551593756
0.00030121632322128934
9.757871055455818e-05
0.00011247208778972738
6.812130054335102e-05
8.465186366185202e-05
0.00015668245644429382
0.0001292548580508499
0.00028933458923618635
8.054688086366707e-05
0.00027235277884300394
0.0001430160489578177
0.00014004554242012335
0.0002588938370698885
2.5095720579031373e-05
0.000170705671096528
0.0002056451151151794
0.0002796311943715313
3.7459455391407304e-05
7.20725678115183e-05
9.368094950116552e-05
0.000262307542633075
0.00023988772354965613
0.0001712466482465068
0.00045743365688936466
0.00024083217830492805
0.00022408828765195754
0.0002227520533069615
6.441320746818393e-05
0.0001734412454061621
0.0004064344192413175
8.33409008046104e-05
0.00015438037812677712
0.00031366683756599745
0.000446765822835059
0.0003103571468374674
0.0004796716540020111
0.0002072235835433479
0.0003265856261631529
0.0002535108830425583
0.00022261333560750718
0.00031931111502204334
0.00012990837482473007
0.0004790961797004852
0.00011883461965009398
0.0003658307571127476
0.00035550505926040213
0.00046701308401934417
0.0003595787320669734
0.00046984483101297954
0.0002539936855278227
0.00029344653042471375
0.000525099351650525
0.0008944126192924824
0.00087904697649485
0.00021213758172320188
0.00024164337207062669
0.0004003194523857198
0.000497274727733746
0.0006557279737393133
0.0006214492249935283
0.00029436237387821024
0.0004423424184469282
0.0008716691437123747
0.00035372037779807334
0.00013802382370013252
0.0003826894788965897
0.0003506627951628648
0.00036520636229143586
0.000522673300130702
0.0007154456496385516
0.00025499723363934265
0.0006828565812878847
0.00037944034348259863
0.0002841694253628605
0.0001091444622644571
0.0006814816879486396
0.000535258373228984
0.00019700861568910076
0.00024267122240161554
0.0004108155177941871
0.0005513463633308683
0.0006451281615573614
0.0004694585110701583
0.0001812719048370337
0.0009784073044612719
0.0006628687017849839
0.0005108080887168941
0.00034945462887243884
0.00016797316951685552
0.00048201161914372237
0.0004736730369349581
0.00012946147467579432
0.0011918666232926358
0.0006356851453220321
0.0005403505481247729
0.0005377013151157726
0.0004390428798872111
0.00016913792162008567
0.0006493586783990653
0.0007963512288557473
0.0002896021741927588
0.0003209512251199005
0.00028489221322078084
0.00044910877249638336
0.0009598747577545741
0.0010369346874338195
0.0011721139650072996
0.0012317031877100734
0.0007968448978398709
0.000345900343317781
0.00035432536773056226
0.0007185118631097436
0.0019015463517169221
0.0012591974819256458
0.0008897107832821014
0.0008854944186840626
0.0014195954962998737
0.0008975833679177035
0.0001749277509028694
0.00036420467771838437
0.0004496901417141737
0.0006490289135893656
0.00035234442577725697
0.0008075304563161603
0.0009403127428922587
0.0006749821902394661
0.0013574316735758696
0.0012433105573395834
0.00047971862506857775
0.001071627344179732
0.0004704965599964652
0.0006803594481617435
0.0008170623227571132
0.0005077348986604174
0.00044257798405710115
0.0005801464020442476
0.00046503503803419573
0.0013524965543806817
0.0008230282313327836
0.001251372198714889
0.0014518059660004964
0.0017681481203390326
0.0012558721023794134
0.0005348650887312972
0.0004316820014623166
0.0007117900471498136
0.0011419840269342905
0.000889253464867372
0.0005338501096571044
0.002711273269499664
0.0008510228612462445
0.0011947507147013494
0.0010448285455367586
0.0011405998235599533
0.0003874716115726739
0.0005737623361537836
0.00028519391192385337
0.0009771972700630556
0.000253667145694026
0.0021111027995197647
0.0014311007482716753
0.0009141423097464593
0.0007892254009491547
0.0007472081472365034
0.0014496785116729675
0.00035029629659206926
0.0008437478121565517
0.00216684735763969
0.0008013199358493138
0.0038224875778884804
0.0005135029002939311
0.00035935533323165863
0.0005465137102777461
0.0004988685568936055
0.0004919666792225068
0.0015058802268787582
0.0029166713657691598
0.0017466457846910053
0.0007802661684444144
0.0020628226024892405
0.0011211649205330075
0.0006710579589243579
0.001104171447357868
0.0010521593921849796
0.0034167198680267368
0.0008626062084499839
0.0020851426917101977
0.0023662110273117904
0.0020541082657311435
0.00026273725008186383
0.0024992554555134617
0.00021594639392696975
0.0017190652583109719
0.0012952774094756815
0.007802814154198957
0.0005200622025370685
0.0012531103781422586
0.0027097922200343427
0.0008092902728569533
0.0010302503575935532
0.0006025366766918923
0.0032954022634143335
0.0013285894407046414
0.0024449537356972394
0.001005330713333013
0.0011193398255425204
0.001574802887396684
0.0006739811161476436
0.0015443419247759748
0.006178956330463737
0.0030643880120636738
0.0013221213841142629
0.0008912507798816263
0.0007072213068757497
0.002003498531129325
0.002895179886680941
0.004960151104997896
0.005562707905926275
0.001051215384185102
0.002528765173487961
0.00269981378196198
0.0011829624715265885
0.0006735796664306518
0.005574497330506805
0.008697220334909755
0.003470319380554957
0.003029806868803398
0.01078558414964802
0.0006472903383658652
0.004275561350496004
0.0023848378364893547
0.0022229586913501743
0.009000825145430559
0.004708456520760633
0.0024800496976598793
0.002907347908488606
0.0017753359221992849
0.010317416508797295
0.002009305750203029
0.0010389339621685737
0.0037906327388006504
0.0010056354047987897
0.0032114234662474123
0.0033345845266288254
0.0025910577511028677
0.005048762552472907
0.0035493464430799053
0.008749318602093006
0.0011593193773881847
0.0016651658962294955
0.00320712495328644
0.0033882230553815697
0.0027203835296523786
0.004559532803216432
0.0017887226272171796
0.0017656440743040848
0.0026952655407234357
0.007378083023636785
0.004171674853764862
0.0017298819316684635
0.004022969762194346
0.0033442967327792852
0.008735091659425884
0.002278986485400477
0.005544926607370633
0.0038706458335767127
0.0019756431121003043
0.015253891221880906
0.0020639778228399622
0.0014040590082357704
0.002828966206146616
0.0062428280836818685
0.02597353718304237
0.019756100362965465
0.00812782836512854
0.012657482198754297
0.004228590926436572
