0.23464900596487945
0.012781863957760653
0.008164851202332618
0.005331793716117028
0.023357838849237478
0.011691539082169446
0.00403637569016741
0.008852209660009257
0.003913064946592183
0.0032976584823171443
0.003655579646836657
0.01434160944806849
0.008070617399832234
0.0024562085656063357
0.0012528166932901188
0.0037852251892418398
0.006057716566270935
0.001829061507031077
0.0017749353801280226
0.0015101125373825262
0.0010242521349427178
0.0012221254557816497
0.0023900242994591044
0.00012928065484330017
0.001356547466551651
0.0023497438280503467
0.003154439628544991
0.0014559319311382977
0.0008917331744558265
0.0018122806941705818
0.0037887050801934177
0.0011388920867027323
0.0016487927807760404
0.006898553490366589
0.004019999313104405
0.00310935360169028
0.00433341114092167
0.005587010633225285
0.003596681675803106
0.0018357325244882689
0.003762351774638247
0.004775953049791009
0.002076264876847961
0.004049602450461403
0.0009063284289058609
0.00306911711529678
0.002013647888590924
0.0009349147212972945
0.0036465777182920576
0.0021208268244697964
0.0013372877769246708
0.006495644061629677
0.003622921786964404
0.0054987624987911975
0.004791393007735937
0.002253559900410363
0.0017918349130810834
0.0029593887672663293
0.00446958090932433
0.0062554785199798795
0.0015120546789982956
0.008371270316044494
0.005736578642617561
0.0020216914044783015
0.003503473978294909
0.0027203936535212985
0.0018899457549503263
0.002577705954709282
0.0018814540205242393
0.0008470901103780982
0.0018782357097629156
0.00026301618538032814
0.0011516809465879979
0.001461772702721451
0.000852898059564879
0.0020228089952097576
0.0006677438679592874
0.0017167736636648024
0.0012135905858248583
0.0011616987355110558
0.0007281824369733233
0.0005447615800159587
0.0007077868954450602
0.002623536645060398
0.004199018058798817
0.0056624895894659905
0.0021638834214043217
0.00044261336285015553
0.0024469736237854875
0.0013596301123126992
0.002459473875673169
0.001234815590189155
0.0008557311876673506
0.0004155746997897201
0.0002949340478949045
0.001339465329344462
0.0009225166591777797
0.001813868059325265
0.0009904146558014758
0.0004165282739062878
0.0011088493766256747
0.00028936250089612697
8.186989464154489e-05
0.0012720529882449363
0.0003152196427927135
0.0010182050187431983
0.0010626993215613245
0.0005433623463391468
0.0009596703997077407
0.0012572005577813573
0.000647331421526657
0.0011745860837432639
0.0017850369410586547
0.0014088337150785731
0.0020142896182054836
0.0020072343601362534
0.0013438141228272302
0.0004930686359429992
0.0017905237726781253
0.0017140300014444573
0.002182874314971527
0.0005661207339517646
0.0005133138051709703
0.0003828982128124333
0.0008745271322625383
0.0003599929881235684
0.0007829398557912641
2.8597365815181472e-05
0.0008088084495196673
0.00047750134796436145
0.00107710394314692
0.00011864339782749229
0.0006343677668643094
0.0010731886761091674
0.0005284206637439825
0.0008323092660931375
0.0005254886167986649
0.000464292362867519
0.00018783854423488924
0.0007612079397962295
0.0003104415574550645
0.00032729330679537457
6.094872183469985e-05
0.0004379434210246531
0.0004560732864277297
0.000953772047159909
0.0010811275633363932
0.0011870538514785049
0.0009157333465557553
0.0007946501876169359
0.00046978567869606855
0.00047249833179919333
0.00045310582080465285
0.00031708587960164596
0.0003935584855235256
0.0002870779889895538
0.0002674745051882252
0.0001754460711208035
0.0013977663322974816
0.00016976888089550318
0.00012903163269570322
0.0002218407513248074
0.00019233115050054032
0.00028647643507647726
0.00025863920616193216
0.00023454265540747462
0.0001294810246780522
0.00021668580646912528
0.00010603848145353714
0.0001921364049414709
0.00044892801624946116
9.993429500608013e-05
0.0003261489281918697
8.001847725916531e-05
0.00033786720875989365
0.0003988341599507983
0.0001893416805988662
9.850157893614837e-05
0.0009167446754602331
0.000303300614899353
7.959473276886513e-05
4.315675390612946e-05
0.0001265979693657135
0.00027612488955632903
0.00016290322763146397
0.00011704921501898001
0.00011722016937541401
6.123722492321496e-05
0.00023360142692396233
0.00012524540302786462
0.00016407991861159995
0.00013687811681715897
0.00016040065492489673
9.542714682527655e-05
0.00013783473230664448
0.0002108533574469162
0.00012927373607019658
0.0002143742588088179
9.068047517823437e-05
9.848447746683204e-05
0.0002676080786311828
0.00018550453597340717
0.00013053473817114123
0.00018354804085900234
0.00015386731995945704
0.00011895213900255618
0.0001118379104480846
3.987838009735847e-05
2.521441463065085e-05
8.281389231207023e-05
0.00014661672144859704
6.970276698133792e-05
8.515258949626814e-05
9.554086483222715e-05
8.711067371956755e-05
0.00016074359925018526
0.00015215006242510131
0.00010766772151722785
9.817789796891077e-05
7.701998872830358e-05
0.00015188361408459528
0.00016224130121311465
0.00010653206874929538
5.305246201922169e-05
6.116922523464297e-05
6.526532654514701e-05
4.3707956156057034e-05
0.00022662522972161
3.3984028336159216e-05
0.00014507667356322893
4.6192241214798936e-05
5.7042803537692304e-05
8.255569771581558e-05
0.00010864592220568687
6.415184873483292e-05
9.823973394474339e-05
5.348610767164705e-05
4.002766777129843e-05
7.693094181084854e-05
7.993382955413001e-05
8.558099609302911e-06
1.8960156064928706e-05
9.49594376011572e-05
3.4970628884855926e-05
8.45533896429767e-05
9.497059445507084e-05
7.389429159520682e-05
1.496312161163565e-05
3.051731280196228e-05
5.843299254687849e-05
2.4274570571787203e-05
0.0001442835344587141
7.293226240740747e-05
6.0692386387039423e-05
6.154724281043995e-05
4.85894392127337e-05
4.313609003291842e-05
5.65939703360827e-05
0.00010254577842622309
6.053268386908141e-05
8.040512173637551e-06
0.00010603009883731561
2.659290317114585e-05
1.0698285899602744e-05
4.797333302264695e-05
4.17769498225066e-05
1.7468485507985248e-05
0.00019439036967342833
7.912478643953029e-05
7.971344435524704e-05
7.272594519333123e-05
6.438505182239741e-05
7.952442909050055e-05
0.00016009561569829822
4.800739815387772e-05
0.00010488046600985005
5.183480709869561e-05
9.492625189997704e-06
4.473577508902232e-06
2.7547230271689702e-05
2.725147617966506e-05
1.0827739406433047e-05
5.263292988209262e-05
4.654339156338189e-05
1.041091966433092e-05
4.358516040653568e-05
6.548842212288095e-05
6.364195658971825e-05
2.553687537483253e-05
2.8189450728798693e-05
8.208873822161015e-06
2.4917350833409974e-05
1.8966509077348714e-05
5.074897460225058e-05
5.2547091288648926e-05
2.5301306613519395e-05
5.4026028665519435e-05
3.334103208800495e-05
5.4197373121076645e-06
6.369346902838273e-05
0.00011852508926528072
2.2712274882562407e-05
9.026337374700558e-05
2.454906383245628e-05
2.363978282385704e-05
3.695752369429911e-05
8.282853464397653e-06
3.3608040379126164e-05
1.5641528933880176e-05
2.812260050811571e-05
1.0865525912503054e-05
1.9186538434799268e-05
5.724215661867939e-05
3.0917812666231254e-05
8.762915120236637e-05
7.236382918736533e-05
3.682247195812244e-05
1.1741729445056168e-05
2.7948809222917385e-05
1.1927477629732522e-05
1.2137335953099493e-05
1.987105142811455e-05
8.878172035539835e-06
4.0671043292588716e-05
1.3979397061612938e-05
1.9530503665900888e-05
1.5770341801423932e-05
2.0311091531118892e-05
8.829349032330539e-06
7.448864867695135e-06
1.5710807532056476e-05
2.6022773951145172e-05
8.516335162185834e-06
1.5512457045696523e-05
1.2575936111897331e-05
1.104876161886949e-05
9.266169470063065e-06
3.0322278555467946e-05
2.9967609370731886e-05
1.4635277320099484e-05
7.498520291031164e-06
1.3262099810770027e-05
3.1421868304806544e-06
1.478373920443907e-05
8.505301862160003e-06
2.9307084512004855e-06
3.6718988090208804e-06
5.841426164237347e-07
4.943189293574179e-07
4.3132888612829004e-07
8.058782655250117e-07
8.191039508184207e-07
6.441239228703244e-07
6.236078070475442e-07
7.828507943109194e-07
8.587272514956571e-07
8.627807231641816e-07
9.495983201154904e-07
6.162894949274145e-07
7.70027677102844e-07
1.0197554548554808e-06
8.092545029080613e-07
8.341852582845409e-07
5.0016321888732e-07
9.977884565361334e-07
7.28283952873455e-07
6.783382016366294e-07
4.6620240182082814e-07
7.598298539450027e-07
2.870640872221062e-07
5.813953280470075e-07
7.883552869618098e-07
6.500532499047129e-07
6.582834755290618e-07
9.303933093483141e-07
1.4669455479095325e-07
7.16563700048201e-07
5.904102473439987e-07
4.838111994734207e-07
5.043612192977047e-07
6.312934425207942e-07
7.195357315919174e-07
7.217799677026077e-07
9.158727877304497e-07
4.5506646089371456e-07
7.272161036390732e-07
6.418530100872708e-07
6.511641152217838e-07
7.5003107547345e-07
4.822253067130803e-07
4.26253506705369e-07
5.55975978320205e-07
4.954561985521313e-07
6.869132656577296e-07
6.290400324678188e-07
6.72080493358184e-07
4.987525209696733e-07
5.603190346584942e-07
6.875943093549964e-07
6.916724953005132e-07
5.688572536976346e-07
2.0784428803108048e-07
3.702704112170476e-07
6.271915593538492e-07
7.085033261284863e-07
3.2282273186260383e-07
6.183372750569356e-07
4.577015084785661e-07
3.8024184401835604e-07
7.628847971422465e-07
8.120279748088468e-07
6.474953893911821e-07
4.78275181471086e-07
3.579637228718179e-07
4.1671672243017877e-07
7.191569911007865e-07
7.094022617189483e-07
4.2738314298445946e-07
8.23995773707889e-07
5.140931803891811e-07
5.93707810036598e-07
3.5843921045845115e-07
3.784496178086067e-07
4.550082107732485e-07
7.261750059282734e-07
1.0252570931768054e-07
6.397536591937634e-07
2.8034201875902103e-07
3.871915199644667e-07
5.549112918144392e-07
6.637420612062264e-07
3.0962870709205715e-07
4.5209198132745564e-07
3.9395871849075466e-07
7.910873985429178e-07
3.291003585758504e-07
5.05383648500303e-07
4.1632399612546925e-07
5.137601166133296e-07
6.123976894560855e-07
5.416023701320486e-07
7.432245000231834e-07
5.952205258085195e-07
2.29715325445152e-07
4.29612337000457e-07
4.543101795067389e-07
5.818214888694815e-07
5.659230286221251e-07
5.088430569165072e-07
6.320237840177883e-07
5.631572870961163e-07
5.203421909183573e-07
8.373371960342711e-07
2.4439928001389174e-07
3.254288206520703e-07
4.702699144176436e-07
5.232915326015334e-07
7.384526759204496e-07
5.741912803160146e-07
3.6319359124544306e-07
5.074766074641666e-07
4.74412651216638e-07
5.45585965472582e-07
5.074405786731426e-07
6.874561877441823e-07
4.192244322146419e-07
4.820867900357895e-07
4.549460009974925e-07
3.570007439918024e-07
6.169996885967363e-07
2.459140856294182e-07
5.697554188456108e-07
5.023541615565806e-07
3.7001772964192106e-07
6.242680216444674e-07
5.196851372865352e-07
6.280534159816546e-07
2.8387924006219193e-07
5.3038005507363e-07
3.97383838573373e-07
3.9184897179391364e-07
3.9090043295074945e-07
3.364383874327856e-07
2.728755766465818e-07
4.0265693656657593e-07
5.648671405396733e-07
5.37777333183936e-07
5.478388715995055e-07
3.8994962966954635e-07
5.589391779018865e-07
4.36205562053053e-07
4.978971001180528e-07
5.838925490679898e-07
6.89676007839569e-07
4.622494003581459e-07
4.003449446987767e-07
6.628355278892279e-07
3.5839688445381315e-07
6.614993110639132e-07
3.6314873851830856e-07
2.952390466323218e-07
3.6314873851830856e-07
6.614993110639132e-07
3.5839688445381315e-07
6.628355278892279e-07
4.003449446987767e-07
4.622494003581459e-07
6.89676007839569e-07
5.838925490679898e-07
4.978971001180528e-07
4.36205562053053e-07
5.589391779018865e-07
3.8994962966954635e-07
5.478388715995055e-07
5.37777333183936e-07
5.648671405396733e-07
4.0265693656657593e-07
2.728755766465818e-07
3.364383874327856e-07
3.9090043295074945e-07
3.9184897179391364e-07
3.97383838573373e-07
5.3038005507363e-07
2.8387924006219193e-07
6.280534159816546e-07
5.196851372865352e-07
6.242680216444674e-07
3.7001772964192106e-07
5.023541615565806e-07
5.697554188456108e-07
2.459140856294182e-07
6.169996885967363e-07
3.570007439918024e-07
4.549460009974925e-07
4.820867900357895e-07
4.192244322146419e-07
6.874561877441823e-07
5.074405786731426e-07
5.45585965472582e-07
4.74412651216638e-07
5.074766074641666e-07
3.6319359124544306e-07
5.741912803160146e-07
7.384526759204496e-07
5.232915326015334e-07
4.702699144176436e-07
3.254288206520703e-07
2.4439928001389174e-07
8.373371960342711e-07
5.203421909183573e-07
5.631572870961163e-07
6.320237840177883e-07
5.088430569165072e-07
5.659230286221251e-07
5.818214888694815e-07
4.543101795067389e-07
4.29612337000457e-07
2.29715325445152e-07
5.952205258085195e-07
7.432245000231834e-07
5.416023701320486e-07
6.123976894560855e-07
5.137601166133296e-07
4.1632399612546925e-07
5.05383648500303e-07
3.291003585758504e-07
7.910873985429178e-07
3.9395871849075466e-07
4.5209198132745564e-07
3.0962870709205715e-07
6.637420612062264e-07
5.549112918144392e-07
3.871915199644667e-07
2.8034201875902103e-07
6.397536591937634e-07
1.0252570931768054e-07
7.261750059282734e-07
4.550082107732485e-07
3.784496178086067e-07
3.5843921045845115e-07
5.93707810036598e-07
5.140931803891811e-07
8.23995773707889e-07
4.2738314298445946e-07
7.094022617189483e-07
7.191569911007865e-07
4.1671672243017877e-07
3.579637228718179e-07
4.78275181471086e-07
6.474953893911821e-07
8.120279748088468e-07
7.628847971422465e-07
3.8024184401835604e-07
4.577015084785661e-07
6.183372750569356e-07
3.2282273186260383e-07
7.085033261284863e-07
6.271915593538492e-07
3.702704112170476e-07
2.0784428803108048e-07
5.688572536976346e-07
6.916724953005132e-07
6.875943093549964e-07
5.603190346584942e-07
4.987525209696733e-07
6.72080493358184e-07
6.290400324678188e-07
6.869132656577296e-07
4.954561985521313e-07
5.55975978320205e-07
4.26253506705369e-07
4.822253067130803e-07
7.5003107547345e-07
6.511641152217838e-07
6.418530100872708e-07
7.272161036390732e-07
4.5506646089371456e-07
9.158727877304497e-07
7.217799677026077e-07
7.195357315919174e-07
6.312934425207942e-07
5.043612192977047e-07
4.838111994734207e-07
5.904102473439987e-07
7.16563700048201e-07
1.4669455479095325e-07
9.303933093483141e-07
6.582834755290618e-07
6.500532499047129e-07
7.883552869618098e-07
5.813953280470075e-07
2.870640872221062e-07
7.598298539450027e-07
4.6620240182082814e-07
6.783382016366294e-07
7.28283952873455e-07
9.977884565361334e-07
5.0016321888732e-07
8.341852582845409e-07
8.092545029080613e-07
1.0197554548554808e-06
7.70027677102844e-07
6.162894949274145e-07
9.495983201154904e-07
8.627807231641816e-07
8.587272514956571e-07
7.828507943109194e-07
6.236078070475442e-07
6.441239228703244e-07
8.191039508184207e-07
8.058782655250117e-07
4.3132888612829004e-07
4.943189293574179e-07
5.841426164237347e-07
3.6718988090208804e-06
2.9307084512004855e-06
8.505301862160003e-06
1.478373920443907e-05
3.1421868304806544e-06
1.3262099810770027e-05
7.498520291031164e-06
1.4635277320099484e-05
2.9967609370731886e-05
3.0322278555467946e-05
9.266169470063065e-06
1.104876161886949e-05
1.2575936111897331e-05
1.5512457045696523e-05
8.516335162185834e-06
2.6022773951145172e-05
1.5710807532056476e-05
7.448864867695135e-06
8.829349032330539e-06
2.0311091531118892e-05
1.5770341801423932e-05
1.9530503665900888e-05
1.3979397061612938e-05
4.0671043292588716e-05
8.878172035539835e-06
1.987105142811455e-05
1.2137335953099493e-05
1.1927477629732522e-05
2.7948809222917385e-05
1.1741729445056168e-05
3.682247195812244e-05
7.236382918736533e-05
8.762915120236637e-05
3.0917812666231254e-05
5.724215661867939e-05
1.9186538434799268e-05
1.0865525912503054e-05
2.812260050811571e-05
1.5641528933880176e-05
3.3608040379126164e-05
8.282853464397653e-06
3.695752369429911e-05
2.363978282385704e-05
2.454906383245628e-05
9.026337374700558e-05
2.2712274882562407e-05
0.00011852508926528072
6.369346902838273e-05
5.4197373121076645e-06
3.334103208800495e-05
5.4026028665519435e-05
2.5301306613519395e-05
5.2547091288648926e-05
5.074897460225058e-05
1.8966509077348714e-05
2.4917350833409974e-05
8.208873822161015e-06
2.8189450728798693e-05
2.553687537483253e-05
6.364195658971825e-05
6.548842212288095e-05
4.358516040653568e-05
1.041091966433092e-05
4.654339156338189e-05
5.263292988209262e-05
1.0827739406433047e-05
2.725147617966506e-05
2.7547230271689702e-05
4.473577508902232e-06
9.492625189997704e-06
5.183480709869561e-05
0.00010488046600985005
4.800739815387772e-05
0.00016009561569829822
7.952442909050055e-05
6.438505182239741e-05
7.272594519333123e-05
7.971344435524704e-05
7.912478643953029e-05
0.00019439036967342833
1.7468485507985248e-05
4.17769498225066e-05
4.797333302264695e-05
1.0698285899602744e-05
2.659290317114585e-05
0.00010603009883731561
8.040512173637551e-06
6.053268386908141e-05
0.00010254577842622309
5.65939703360827e-05
4.313609003291842e-05
4.85894392127337e-05
6.154724281043995e-05
6.0692386387039423e-05
7.293226240740747e-05
0.0001442835344587141
2.4274570571787203e-05
5.843299254687849e-05
3.051731280196228e-05
1.496312161163565e-05
7.389429159520682e-05
9.497059445507084e-05
8.45533896429767e-05
3.4970628884855926e-05
9.49594376011572e-05
1.8960156064928706e-05
8.558099609302911e-06
7.993382955413001e-05
7.693094181084854e-05
4.002766777129843e-05
5.348610767164705e-05
9.823973394474339e-05
6.415184873483292e-05
0.00010864592220568687
8.255569771581558e-05
5.7042803537692304e-05
4.6192241214798936e-05
0.00014507667356322893
3.3984028336159216e-05
0.00022662522972161
4.3707956156057034e-05
6.526532654514701e-05
6.116922523464297e-05
5.305246201922169e-05
0.00010653206874929538
0.00016224130121311465
0.00015188361408459528
7.701998872830358e-05
9.817789796891077e-05
0.00010766772151722785
0.00015215006242510131
0.00016074359925018526
8.711067371956755e-05
9.554086483222715e-05
8.515258949626814e-05
6.970276698133792e-05
0.00014661672144859704
8.281389231207023e-05
2.521441463065085e-05
3.987838009735847e-05
0.0001118379104480846
0.00011895213900255618
0.00015386731995945704
0.00018354804085900234
0.00013053473817114123
0.00018550453597340717
0.0002676080786311828
9.848447746683204e-05
9.068047517823437e-05
0.0002143742588088179
0.00012927373607019658
0.0002108533574469162
0.00013783473230664448
9.542714682527655e-05
0.00016040065492489673
0.00013687811681715897
0.00016407991861159995
0.00012524540302786462
0.00023360142692396233
6.123722492321496e-05
0.00011722016937541401
0.00011704921501898001
0.00016290322763146397
0.00027612488955632903
0.0001265979693657135
4.315675390612946e-05
7.959473276886513e-05
0.000303300614899353
0.0009167446754602331
9.850157893614837e-05
0.0001893416805988662
0.0003988341599507983
0.00033786720875989365
8.001847725916531e-05
0.0003261489281918697
9.993429500608013e-05
0.00044892801624946116
0.0001921364049414709
0.00010603848145353714
0.00021668580646912528
0.0001294810246780522
0.00023454265540747462
0.00025863920616193216
0.00028647643507647726
0.00019233115050054032
0.0002218407513248074
0.00012903163269570322
0.00016976888089550318
0.0013977663322974816
0.0001754460711208035
0.0002674745051882252
0.0002870779889895538
0.0003935584855235256
0.00031708587960164596
0.00045310582080465285
0.00047249833179919333
0.00046978567869606855
0.0007946501876169359
0.0009157333465557553
0.0011870538514785049
0.0010811275633363932
0.000953772047159909
0.0004560732864277297
0.0004379434210246531
6.094872183469985e-05
0.00032729330679537457
0.0003104415574550645
0.0007612079397962295
0.00018783854423488924
0.000464292362867519
0.0005254886167986649
0.0008323092660931375
0.0005284206637439825
0.0010731886761091674
0.0006343677668643094
0.00011864339782749229
0.00107710394314692
0.00047750134796436145
0.0008088084495196673
2.8597365815181472e-05
0.0007829398557912641
0.0003599929881235684
0.0008745271322625383
0.0003828982128124333
0.0005133138051709703
0.0005661207339517646
0.002182874314971527
0.0017140300014444573
0.0017905237726781253
0.0004930686359429992
0.0013438141228272302
0.0020072343601362534
0.0020142896182054836
0.0014088337150785731
0.0017850369410586547
0.0011745860837432639
0.000647331421526657
0.0012572005577813573
0.0009596703997077407
0.0005433623463391468
0.0010626993215613245
0.0010182050187431983
0.0003152196427927135
0.0012720529882449363
8.186989464154489e-05
0.00028936250089612697
0.0011088493766256747
0.0004165282739062878
0.0009904146558014758
0.001813868059325265
0.0009225166591777797
0.001339465329344462
0.0002949340478949045
0.0004155746997897201
0.0008557311876673506
0.001234815590189155
0.002459473875673169
0.0013596301123126992
0.0024469736237854875
0.00044261336285015553
0.0021638834214043217
0.0056624895894659905
0.004199018058798817
0.002623536645060398
0.0007077868954450602
0.0005447615800159587
0.0007281824369733233
0.0011616987355110558
0.0012135905858248583
0.0017167736636648024
0.0006677438679592874
0.0020228089952097576
0.000852898059564879
0.001461772702721451
0.0011516809465879979
0.00026301618538032814
0.0018782357097629156
0.0008470901103780982
0.0018814540205242393
0.002577705954709282
0.0018899457549503263
0.0027203936535212985
0.003503473978294909
0.0020216914044783015
0.005736578642617561
0.008371270316044494
0.0015120546789982956
0.0062554785199798795
0.00446958090932433
0.0029593887672663293
0.0017918349130810834
0.002253559900410363
0.004791393007735937
0.0054987624987911975
0.003622921786964404
0.006495644061629677
0.0013372877769246708
0.0021208268244697964
0.0036465777182920576
0.0009349147212972945
0.002013647888590924
0.00306911711529678
0.0009063284289058609
0.004049602450461403
0.002076264876847961
0.004775953049791009
0.003762351774638247
0.0018357325244882689
0.003596681675803106
0.005587010633225285
0.00433341114092167
0.00310935360169028
0.004019999313104405
0.006898553490366589
0.0016487927807760404
0.0011388920867027323
0.0037887050801934177
0.0018122806941705818
0.0008917331744558265
0.0014559319311382977
0.003154439628544991
0.0023497438280503467
0.001356547466551651
0.00012928065484330017
0.0023900242994591044
0.0012221254557816497
0.0010242521349427178
0.0015101125373825262
0.0017749353801280226
0.001829061507031077
0.006057716566270935
0.0037852251892418398
0.0012528166932901188
0.0024562085656063357
0.008070617399832234
0.01434160944806849
0.003655579646836657
0.0032976584823171443
0.003913064946592183
0.008852209660009257
0.00403637569016741
0.011691539082169446
0.023357838849237478
0.005331793716117028
0.008164851202332618
0.012781863957760653
