0.0014811714391234072
0.005004939855077752
0.011080258202806148
0.009063899004323068
0.005977379615324788
0.013264022004168211
0.002530591789205599
0.01414905368260728
0.01203787679274265
0.0060488437741098655
0.008620117091917057
0.007506746035009328
0.0018567600849831887
0.01131932153234302
0.018260791852367616
0.0013817605041419468
0.01356424122204935
0.007448115437695643
0.002013223420132567
0.00888547579611341
0.0024821013430838547
0.008949867906027
0.00282557677993621
0.0023413660079463707
0.006748277745181953
0.007597067382971775
0.0012517168801595782
0.006028361411440077
0.013721322027242
0.005359253084302512
0.004891831597451157
0.004491146988730786
0.0013853776896173256
0.0016689182693691745
0.0016696895470419925
0.0010940662487827959
0.001726697019907016
0.003544795529894576
0.007326011202302526
0.0005791582500955447
0.0007737704747491548
0.003077147273244645
0.0024738570226787854
0.0042013111466027795
0.0027096444926577056
0.0030031442246335224
0.00023588847013215192
0.00119122477107592
0.0029947109789554343
0.0010087421519537753
0.002798753476568173
0.002260244476609219
0.0016164635335375746
0.0009008605215601218
0.0005692609685979216
0.0017418472873588923
0.004575836279704788
0.0020639978849594344
0.002998807418317686
0.003387739887598044
0.0006595827486441163
0.0025401695196918808
0.0021600898587541156
0.00026261012004262144
0.0014164236205601174
0.0005741269384117206
0.0008326906727815079
0.0018327447774097038
0.00016049633266020262
0.001506490583950475
0.0013179381760888436
0.0009207493111490909
0.000346601633277508
0.0006067485472727854
0.0006122736452155388
0.0010326689726902604
0.0008655637059220807
0.0004747068933054631
0.0013385761574704138
0.0006289927690328663
3.741562815142638e-05
0.0003309081195724609
0.0008791401559372682
0.0011827831302564371
0.0005768436135042187
0.0021472098555607357
0.0008940314016497811
0.00043882174179462555
0.0004847111356294049
0.0006011507527953023
0.0011964403701491772
0.00047447099470753645
0.0006552097235552899
0.0011375947665064894
0.00025016835673790505
0.0004853822926192406
0.00041324398756409787
0.0011590163885747153
0.0001780808591458109
0.0013338676531446834
0.00297010495803065
9.65093691301297e-05
0.0004120701436012921
0.00045039850375985113
0.0001672694568337435
4.487443443863446e-05
0.0004506818354803551
0.0008475330978892648
0.0003620581165896431
0.00045287061788001665
0.0007072984435277408
0.0002706136279550895
0.0004237692623581915
0.0022768027153735647
0.0018630441498824978
0.00017783959607203272
0.00011182325071356195
0.0005724381847698632
0.0009500160352775926
0.000875173243471598
0.0005095434665384383
0.0011652363051303557
0.00044339159027683263
0.0012850242632974605
0.0008763250310919226
0.0009481687208216899
0.0007291870129338342
0.001894738774767854
0.0005596202567301104
0.0011461817880052913
0.000815389669545299
0.000775085304380031
0.0008630229207785265
0.0015106908832695485
0.00020619988524024627
0.0008918965454897628
0.0007549651931456899
0.00019503688320915189
0.0006126143482941695
0.00017159977362667307
0.0014656513525269567
0.0008117256419342808
0.008100856247697337
0.0006592079806518116
0.0007763256716259769
0.0009545186214143553
0.0007010874034112665
0.0009892379072682332
0.0018611628939884943
0.0005482434425872684
0.0018163590546494994
0.0004762370616196224
0.0011675698838172887
0.0009377451782284326
0.0006305266688546782
0.0015126829285218237
0.000992484392069657
0.0006798038485415794
0.0011098922887583238
0.0011921499232813357
0.001414173645615503
0.001679014796877088
0.0016608821831865725
0.001823153699017042
0.0013268082127464724
0.0011342397988928633
0.0012587090132842314
0.000548773607944616
0.00031104077102078596
0.0016030911160261252
0.0008300575766102609
0.0005700440842920666
0.0007933996815245765
0.0016041200257861737
0.0017443661028005116
0.0004550407758552553
0.000629421631311445
0.0022988377377297603
0.0016576805446600032
0.000800162089035766
0.001673977088287168
0.0010300162888766985
0.0006397836658784249
0.00023626324329129606
0.002687160344845442
0.0004100169577421383
0.0008878542995338477
0.0005424446352396396
0.0004846792396598996
0.002144599406257105
0.0018853979697987006
0.0012997218930826716
0.000888562042795568
0.0015100761467987031
0.00036523880389560323
0.0003334196719350104
0.0009992559434224056
0.0007603839374872164
0.0007985704247023942
0.0003031594805550403
0.0008852680846637505
0.0008505964182876983
0.0008622226008813747
0.0008954311080786327
0.00029488433815993823
0.0014118301603775365
0.0014477438712733437
0.0006219033543812485
0.00018132402878364204
0.0009704901689867436
0.0008519835939284669
0.0009449991083191823
0.0006126208570281603
0.0010410562331155011
0.000877414562753255
0.0010415180766427912
0.0003244001959563682
0.0004722430214529173
0.0008626885763062466
0.0008674891892833041
0.001159433772428376
0.0013337659564652527
0.0005039869389525464
0.0008840199171574927
0.0004589956416172181
0.00018384123364330147
0.0009643313075673301
0.002322010469543167
0.0002591419985812645
0.0011488921329728806
0.000418559141203131
0.0007211037578690914
0.0005063081760940179
0.0003058182068469348
0.0006749620462156248
0.0002990723578089898
0.0002669217297316317
0.00044958123853618695
0.00029632653083852913
0.0006785781837943482
0.000707822660882824
0.001081182896057395
0.001130274716892814
0.0007759876296737443
0.00023936188155994391
0.00026879681686174634
0.000388714801343221
0.00021788933360449697
0.00031953710715995176
0.0008536428832334359
0.0004578175979389334
0.0003068561607521761
0.0005072833687844772
0.00023290362518640963
0.0002948711034432642
0.0005900739375815236
0.000791196327864496
0.0005249296563710243
0.0004756625745257874
0.0003145301542239896
0.0005026641996052748
0.0004139351314406701
0.0006313107156308815
2.9340866911940648e-05
0.0009922586882774767
0.0003984814819149742
0.0008923396461160419
0.0005102534660567843
0.0003993397341197708
0.00033252276039021854
0.0006206569273942394
0.00058456584015181
0.0001236164192983827
0.00013566819675979252
0.00018547103175979847
0.00013767872496722288
0.000946215355052381
0.0005073768892027404
0.0002692921651674235
0.0004423370379728989
0.00046164974675809255
0.00011039306217261658
0.0001925659790148934
0.0007040562180100458
0.0011430848773534132
0.0007110268658764855
0.00011452916430596558
0.0003398294289491057
0.00023296499213871897
0.000362560269618802
0.00021346807985854504
0.0002647712192673155
0.0002850265353807101
0.00043895296466407084
0.000333210352936447
0.0001230090935305324
0.00038185699146629277
0.00048166418584089896
0.0005018438952464033
0.00030680546241671847
0.0004923562601044243
0.0001979857759715869
0.00027249356541896334
0.00022394271096086278
0.0004701824583670896
0.0009112954979174636
0.00025424415013587865
0.00011892071521994541
0.0006003261052964278
0.0013008377228700232
0.0004065954888546494
0.0003790858370087103
0.0002201269467779361
0.00023929869122455628
0.00030465205430754325
0.00013343098486580187
0.0007100306859799015
0.0005734547144356928
0.0002884855339125041
8.692848511234032e-05
0.00013255474526061345
4.7449303011151034e-05
0.00020249671825070653
0.00037560332791693966
0.0005005161894199622
0.0002787782056438546
0.0005984288829598378
0.00010780085780845249
0.00020452675347393717
9.91626195680805e-05
7.658512935367614e-05
0.00029440601993063666
2.3539323938986085e-05
0.00029885750308349357
0.0001857762530311565
9.1947611785426e-05
0.00020640275089602183
3.1501582469443556e-05
0.0004992426668254176
0.00015873849971495093
0.00024679596222993805
0.00028156422363905795
0.00015242602183751833
0.000126909244241115
0.00018805054351287836
7.466961887069938e-05
3.132101994742407e-05
2.083992584378852e-05
9.478937005422122e-06
7.861756555690249e-06
1.085337096398702e-06
3.073257991039944e-06
4.11143169240741e-06
2.5553374273051265e-06
3.297698000966454e-06
1.7587268062318624e-06
5.753758624114179e-06
4.001635883367061e-06
3.5553303045564667e-06
1.8038788718044966e-06
5.378550119235367e-06
7.352825320094755e-06
2.2271353819167236e-06
5.2388190363287874e-06
6.255950276505878e-06
2.6526497313409662e-06
3.945048744321306e-06
3.5486538824618805e-06
3.408494083881443e-06
5.417188474690642e-06
5.302746630335757e-06
4.142222937974693e-06
1.0562035094209365e-05
2.3634882403825514e-06
3.8707992808585155e-06
5.665217331181826e-06
2.3601646697789158e-06
9.685369905146952e-06
9.973006559975252e-07
7.275124803495011e-06
7.063562472119704e-06
5.987567743033234e-06
2.4914513954603943e-06
3.0303932629055283e-06
7.189431108008088e-06
1.0694946877841558e-06
3.0485605952840485e-06
5.40934546472726e-06
5.687271404960545e-06
1.9540255906692527e-06
2.876543352029815e-06
7.879422086693036e-06
6.328001354812542e-06
8.461342526733387e-06
2.479558681779064e-06
3.423952983706925e-06
5.19430997861426e-06
5.177650177596715e-06
5.540837466609486e-06
6.9300233898288494e-06
3.874191139829781e-06
6.336398553510452e-06
5.51508385886646e-06
6.7781872513729835e-06
8.870312849901492e-06
4.115657133455801e-06
3.6204903219498338e-06
2.802179021502136e-06
2.0849101139908247e-06
3.177233411185123e-07
2.475339990906177e-06
2.3237243159449628e-06
5.9960352554608795e-06
6.122581938541537e-06
8.030845345566936e-06
8.71965950139116e-06
5.0308527626666166e-06
5.25261077522564e-06
1.9795317312847e-06
3.5039343008530544e-06
5.1289529412704566e-06
3.4468233221975635e-06
3.203028705320925e-06
4.619950855696272e-06
1.0910049563914627e-05
6.327672136738052e-06
4.384068658984922e-06
7.431165211261686e-06
3.981859737003191e-06
3.424475849575647e-06
3.1505408771949947e-06
4.026517617407187e-06
5.140671528535733e-06
6.811022980242135e-06
4.765859431663971e-06
1.0685275355204233e-05
9.83302531390012e-06
4.654779950954554e-06
8.121706751996417e-06
1.5098843927317688e-06
6.598323569901473e-06
4.648655909541713e-06
3.8663960317345915e-06
3.648787115992058e-06
9.413750376703769e-06
3.5213892117890288e-06
5.336707538224045e-06
6.688355566141728e-06
2.0061835774770087e-06
3.0061209389327504e-06
4.457391763258598e-06
3.203799699414851e-06
5.0925355904991935e-06
8.811692669488604e-06
3.9614545759944526e-07
2.4280125874946485e-06
9.415962849925531e-06
4.066139398269296e-06
6.816547247194233e-07
5.013682054529301e-06
2.0024904721145947e-06
4.5034469164030796e-06
5.014828006405991e-06
2.7923257111244246e-06
6.229096969585201e-06
7.513620825677699e-07
2.634667093982215e-06
5.888340702794714e-06
5.736989002633133e-06
2.3135748954186522e-06
1.5680458374668382e-06
2.8376656392685047e-06
3.0858669883964195e-06
6.20389179859135e-06
1.0689975028701562e-06
3.2649385822971293e-06
3.31447731475975e-06
3.1212297065250497e-06
2.706126047290284e-06
3.329932150402057e-07
1.7335437281302214e-06
5.937174701570655e-06
6.42868291519044e-06
9.336021544888606e-07
9.002338272456002e-06
5.048624947022842e-06
6.769230777194249e-07
8.50767940148927e-07
3.489126244444032e-06
4.870968880816262e-06
2.387987768702648e-07
1.2443972554033895e-06
4.075616186584798e-06
5.324137583813122e-06
4.957417933206645e-06
1.716807472620286e-06
2.4817104270210523e-06
1.2976164217811558e-06
3.4209413745577963e-06
2.0969520313154695e-06
7.919859419291442e-06
2.0969520313154695e-06
3.4209413745577963e-06
1.2976164217811558e-06
2.4817104270210523e-06
1.716807472620286e-06
4.957417933206645e-06
5.324137583813122e-06
4.075616186584798e-06
1.2443972554033895e-06
2.387987768702648e-07
4.870968880816262e-06
3.489126244444032e-06
8.50767940148927e-07
6.769230777194249e-07
5.048624947022842e-06
9.002338272456002e-06
9.336021544888606e-07
6.42868291519044e-06
5.937174701570655e-06
1.7335437281302214e-06
3.329932150402057e-07
2.706126047290284e-06
3.1212297065250497e-06
3.31447731475975e-06
3.2649385822971293e-06
1.0689975028701562e-06
6.20389179859135e-06
3.0858669883964195e-06
2.8376656392685047e-06
1.5680458374668382e-06
2.3135748954186522e-06
5.736989002633133e-06
5.888340702794714e-06
2.634667093982215e-06
7.513620825677699e-07
6.229096969585201e-06
2.7923257111244246e-06
5.014828006405991e-06
4.5034469164030796e-06
2.0024904721145947e-06
5.013682054529301e-06
6.816547247194233e-07
4.066139398269296e-06
9.415962849925531e-06
2.4280125874946485e-06
3.9614545759944526e-07
8.811692669488604e-06
5.0925355904991935e-06
3.203799699414851e-06
4.457391763258598e-06
3.0061209389327504e-06
2.0061835774770087e-06
6.688355566141728e-06
5.336707538224045e-06
3.5213892117890288e-06
9.413750376703769e-06
3.648787115992058e-06
3.8663960317345915e-06
4.648655909541713e-06
6.598323569901473e-06
1.5098843927317688e-06
8.121706751996417e-06
4.654779950954554e-06
9.83302531390012e-06
1.0685275355204233e-05
4.765859431663971e-06
6.811022980242135e-06
5.140671528535733e-06
4.026517617407187e-06
3.1505408771949947e-06
3.424475849575647e-06
3.981859737003191e-06
7.431165211261686e-06
4.384068658984922e-06
6.327672136738052e-06
1.0910049563914627e-05
4.619950855696272e-06
3.203028705320925e-06
3.4468233221975635e-06
5.1289529412704566e-06
3.5039343008530544e-06
1.9795317312847e-06
5.25261077522564e-06
5.0308527626666166e-06
8.71965950139116e-06
8.030845345566936e-06
6.122581938541537e-06
5.9960352554608795e-06
2.3237243159449628e-06
2.475339990906177e-06
3.177233411185123e-07
2.0849101139908247e-06
2.802179021502136e-06
3.6204903219498338e-06
4.115657133455801e-06
8.870312849901492e-06
6.7781872513729835e-06
5.51508385886646e-06
6.336398553510452e-06
3.874191139829781e-06
6.9300233898288494e-06
5.540837466609486e-06
5.177650177596715e-06
5.19430997861426e-06
3.423952983706925e-06
2.479558681779064e-06
8.461342526733387e-06
6.328001354812542e-06
7.879422086693036e-06
2.876543352029815e-06
1.9540255906692527e-06
5.687271404960545e-06
5.40934546472726e-06
3.0485605952840485e-06
1.0694946877841558e-06
7.189431108008088e-06
3.0303932629055283e-06
2.4914513954603943e-06
5.987567743033234e-06
7.063562472119704e-06
7.275124803495011e-06
9.973006559975252e-07
9.685369905146952e-06
2.3601646697789158e-06
5.665217331181826e-06
3.8707992808585155e-06
2.3634882403825514e-06
1.0562035094209365e-05
4.142222937974693e-06
5.302746630335757e-06
5.417188474690642e-06
3.408494083881443e-06
3.5486538824618805e-06
3.945048744321306e-06
2.6526497313409662e-06
6.255950276505878e-06
5.2388190363287874e-06
2.2271353819167236e-06
7.352825320094755e-06
5.378550119235367e-06
1.8038788718044966e-06
3.5553303045564667e-06
4.001635883367061e-06
5.753758624114179e-06
1.7587268062318624e-06
3.297698000966454e-06
2.5553374273051265e-06
4.11143169240741e-06
3.073257991039944e-06
1.085337096398702e-06
7.861756555690249e-06
9.478937005422122e-06
2.083992584378852e-05
3.132101994742407e-05
7.466961887069938e-05
0.00018805054351287836
0.000126909244241115
0.00015242602183751833
0.00028156422363905795
0.00024679596222993805
0.00015873849971495093
0.0004992426668254176
3.1501582469443556e-05
0.00020640275089602183
9.1947611785426e-05
0.0001857762530311565
0.00029885750308349357
2.3539323938986085e-05
0.00029440601993063666
7.658512935367614e-05
9.91626195680805e-05
0.00020452675347393717
0.00010780085780845249
0.0005984288829598378
0.0002787782056438546
0.0005005161894199622
0.00037560332791693966
0.00020249671825070653
4.7449303011151034e-05
0.00013255474526061345
8.692848511234032e-05
0.0002884855339125041
0.0005734547144356928
0.0007100306859799015
0.00013343098486580187
0.00030465205430754325
0.00023929869122455628
0.0002201269467779361
0.0003790858370087103
0.0004065954888546494
0.0013008377228700232
0.0006003261052964278
0.00011892071521994541
0.00025424415013587865
0.0009112954979174636
0.0004701824583670896
0.00022394271096086278
0.00027249356541896334
0.0001979857759715869
0.0004923562601044243
0.00030680546241671847
0.0005018438952464033
0.00048166418584089896
0.00038185699146629277
0.0001230090935305324
0.000333210352936447
0.00043895296466407084
0.0002850265353807101
0.0002647712192673155
0.00021346807985854504
0.000362560269618802
0.00023296499213871897
0.0003398294289491057
0.00011452916430596558
0.0007110268658764855
0.0011430848773534132
0.0007040562180100458
0.0001925659790148934
0.00011039306217261658
0.00046164974675809255
0.0004423370379728989
0.0002692921651674235
0.0005073768892027404
0.000946215355052381
0.00013767872496722288
0.00018547103175979847
0.00013566819675979252
0.0001236164192983827
0.00058456584015181
0.0006206569273942394
0.00033252276039021854
0.0003993397341197708
0.0005102534660567843
0.0008923396461160419
0.0003984814819149742
0.0009922586882774767
2.9340866911940648e-05
0.0006313107156308815
0.0004139351314406701
0.0005026641996052748
0.0003145301542239896
0.0004756625745257874
0.0005249296563710243
0.000791196327864496
0.0005900739375815236
0.0002948711034432642
0.00023290362518640963
0.0005072833687844772
0.0003068561607521761
0.0004578175979389334
0.0008536428832334359
0.00031953710715995176
0.00021788933360449697
0.000388714801343221
0.00026879681686174634
0.00023936188155994391
0.0007759876296737443
0.001130274716892814
0.001081182896057395
0.000707822660882824
0.0006785781837943482
0.00029632653083852913
0.00044958123853618695
0.0002669217297316317
0.0002990723578089898
0.0006749620462156248
0.0003058182068469348
0.0005063081760940179
0.0007211037578690914
0.000418559141203131
0.0011488921329728806
0.0002591419985812645
0.002322010469543167
0.0009643313075673301
0.00018384123364330147
0.0004589956416172181
0.0008840199171574927
0.0005039869389525464
0.0013337659564652527
0.001159433772428376
0.0008674891892833041
0.0008626885763062466
0.0004722430214529173
0.0003244001959563682
0.0010415180766427912
0.000877414562753255
0.0010410562331155011
0.0006126208570281603
0.0009449991083191823
0.0008519835939284669
0.0009704901689867436
0.00018132402878364204
0.0006219033543812485
0.0014477438712733437
0.0014118301603775365
0.00029488433815993823
0.0008954311080786327
0.0008622226008813747
0.0008505964182876983
0.0008852680846637505
0.0003031594805550403
0.0007985704247023942
0.0007603839374872164
0.0009992559434224056
0.0003334196719350104
0.00036523880389560323
0.0015100761467987031
0.000888562042795568
0.0012997218930826716
0.0018853979697987006
0.002144599406257105
0.0004846792396598996
0.0005424446352396396
0.0008878542995338477
0.0004100169577421383
0.002687160344845442
0.00023626324329129606
0.0006397836658784249
0.0010300162888766985
0.001673977088287168
0.000800162089035766
0.0016576805446600032
0.0022988377377297603
0.000629421631311445
0.0004550407758552553
0.0017443661028005116
0.0016041200257861737
0.0007933996815245765
0.0005700440842920666
0.0008300575766102609
0.0016030911160261252
0.00031104077102078596
0.000548773607944616
0.0012587090132842314
0.0011342397988928633
0.0013268082127464724
0.001823153699017042
0.0016608821831865725
0.001679014796877088
0.001414173645615503
0.0011921499232813357
0.0011098922887583238
0.0006798038485415794
0.000992484392069657
0.0015126829285218237
0.0006305266688546782
0.0009377451782284326
0.0011675698838172887
0.0004762370616196224
0.0018163590546494994
0.0005482434425872684
0.0018611628939884943
0.0009892379072682332
0.0007010874034112665
0.0009545186214143553
0.0007763256716259769
0.0006592079806518116
0.008100856247697337
0.0008117256419342808
0.0014656513525269567
0.00017159977362667307
0.0006126143482941695
0.00019503688320915189
0.0007549651931456899
0.0008918965454897628
0.00020619988524024627
0.0015106908832695485
0.0008630229207785265
0.000775085304380031
0.000815389669545299
0.0011461817880052913
0.0005596202567301104
0.001894738774767854
0.0007291870129338342
0.0009481687208216899
0.0008763250310919226
0.0012850242632974605
0.00044339159027683263
0.0011652363051303557
0.0005095434665384383
0.000875173243471598
0.0009500160352775926
0.0005724381847698632
0.00011182325071356195
0.00017783959607203272
0.0018630441498824978
0.0022768027153735647
0.0004237692623581915
0.0002706136279550895
0.0007072984435277408
0.00045287061788001665
0.0003620581165896431
0.0008475330978892648
0.0004506818354803551
4.487443443863446e-05
0.0001672694568337435
0.00045039850375985113
0.0004120701436012921
9.65093691301297e-05
0.00297010495803065
0.0013338676531446834
0.0001780808591458109
0.0011590163885747153
0.00041324398756409787
0.0004853822926192406
0.00025016835673790505
0.0011375947665064894
0.0006552097235552899
0.00047447099470753645
0.0011964403701491772
0.0006011507527953023
0.0004847111356294049
0.00043882174179462555
0.0008940314016497811
0.0021472098555607357
0.0005768436135042187
0.0011827831302564371
0.0008791401559372682
0.0003309081195724609
3.741562815142638e-05
0.0006289927690328663
0.0013385761574704138
0.0004747068933054631
0.0008655637059220807
0.0010326689726902604
0.0006122736452155388
0.0006067485472727854
0.000346601633277508
0.0009207493111490909
0.0013179381760888436
0.001506490583950475
0.00016049633266020262
0.0018327447774097038
0.0008326906727815079
0.0005741269384117206
0.0014164236205601174
0.00026261012004262144
0.0021600898587541156
0.0025401695196918808
0.0006595827486441163
0.003387739887598044
0.002998807418317686
0.0020639978849594344
0.004575836279704788
0.0017418472873588923
0.0005692609685979216
0.0009008605215601218
0.0016164635335375746
0.002260244476609219
0.002798753476568173
0.0010087421519537753
0.0029947109789554343
0.00119122477107592
0.00023588847013215192
0.0030031442246335224
0.0027096444926577056
0.0042013111466027795
0.0024738570226787854
0.003077147273244645
0.0007737704747491548
0.0005791582500955447
0.007326011202302526
0.003544795529894576
0.001726697019907016
0.0010940662487827959
0.0016696895470419925
0.0016689182693691745
0.0013853776896173256
0.004491146988730786
0.004891831597451157
0.005359253084302512
0.013721322027242
0.006028361411440077
0.0012517168801595782
0.007597067382971775
0.006748277745181953
0.0023413660079463707
0.00282557677993621
0.008949867906027
0.0024821013430838547
0.00888547579611341
0.002013223420132567
0.007448115437695643
0.01356424122204935
0.0013817605041419468
0.018260791852367616
0.01131932153234302
0.0018567600849831887
0.007506746035009328
0.008620117091917057
0.0060488437741098655
0.01203787679274265
0.01414905368260728
0.002530591789205599
0.013264022004168211
0.005977379615324788
0.009063899004323068
0.011080258202806148
0.005004939855077752
