2.578387532689971e-07
8.987680143549591e-07
4.199269609939942e-06
0.033606517001676384
5.688851638355364e-05
1.2222228073047304e-06
4.21924291813643e-06
8.975332474906543e-07
0.0020198265338336368
1.4853990761313475e-06
0.00432527314956124
0.00026499373662187275
5.125169998118922e-07
0.0007695514522507634
8.849835533597598e-07
1.522560995271166e-06
0.00017598875413339844
0.0034084266416069637
6.215995352890839e-07
2.0394515705980376e-05
8.317906838696873e-07
8.38919401655118e-06
7.824120536480977e-06
6.685639953241967e-07
0.0015252638102030164
2.7676830881235405e-07
9.970055853974166e-07
8.621173671106008e-07
1.8979968115337005e-06
0.018619781269023947
2.838214960614812e-06
0.00041523781401166314
1.6371732797256394e-05
7.706300314568293e-07
1.4609238032615578e-06
1.976353479397778e-06
3.1291505366004076e-06
0.0001541922245432166
0.019928699160195094
1.2061461510381713e-05
7.102706047020229e-06
0.006566887331266442
7.608544157903003e-06
0.008843202880027216
0.00013826517991415117
0.0005395786057873674
0.00020523519670911792
4.543049630487883e-07
3.6602951985004214e-05
2.3022200316861264e-06
2.7881061213303326e-05
8.700785681004184e-05
1.811240380893159e-05
1.6965075479241313e-06
1.625323170294487e-05
4.417080338044283e-05
6.003879327352181e-06
3.684216312438182e-06
1.2686414379435465e-06
2.1410775420876807e-05
8.045941003590456e-05
1.9561582934032186e-07
8.518550501934006e-05
7.842972319762254e-06
6.325921923272754e-06
0.0042919395765515815
1.9527052512508895e-06
0.00013193189355675778
3.029968746090331e-06
1.0806908979748499e-05
1.4272465854784982e-06
2.1136706779586202e-06
6.793419284048987e-06
0.0003442580224257245
0.001987961199447003
0.00046497123530499115
9.098819896838712e-07
9.551867684471552e-06
8.908644504757551e-07
1.141222294322591e-06
8.198617717210216e-07
1.6546085567461013e-06
9.354698610683985e-06
0.0014034988580121752
0.00012321668437092123
0.0007428214483761438
5.439259336501243e-07
1.3080029911394855e-05
2.6213225558078737e-05
0.00024473566702244985
2.869785166384529e-06
6.122401993173837e-06
0.00695777564566662
0.0029689639848018536
4.786350439515824e-06
1.643622614505538e-06
2.5281491479101175e-06
1.2368194359018735e-06
2.1359679661798582e-07
1.5721613468778642e-06
1.2853576866337425e-06
0.0005828066865507265
1.929094406292558e-05
1.2329918827480037e-06
0.00020589796608406466
2.4485131097376555e-06
0.00014208448948514873
4.294230617574547e-07
1.5917655177767403e-05
0.0005073360348938306
5.99044785643551e-07
1.0746208069081901e-06
0.003057510150617461
1.8009558344047524e-06
3.989211951208423e-06
1.230876128458054e-06
1.2272590595778875e-06
5.1655440838866624e-05
3.646628596108862e-05
5.9896311065868183e-05
0.00010868365845687575
8.655995037439894e-06
0.00028532250301976046
2.178885845635484e-06
6.660105754737356e-05
8.47874636632684e-07
0.00013893192914527771
0.00010152611583064338
0.0009663183224995047
1.4375106283843317e-06
5.43599912682657e-06
1.1203572136205562e-05
5.979927876533571e-07
1.933823564560034e-06
9.191734317754156e-06
1.9247263657228573e-06
8.819497110652079e-07
2.897599618981158e-07
2.0999279322549272e-05
9.614010708429378e-07
8.302381151587498e-06
0.0002620288908557848
9.241325234429923e-06
4.900491452178984e-06
1.7666275086445199e-06
0.0046635757445393595
1.1986141833996635e-06
1.244925911356483e-06
4.372063489781265e-06
1.3419967914352595e-06
1.975058377423703e-06
5.126532396417422e-06
1.3573929526664823e-06
2.239664986200233e-05
0.00032831668968262947
0.00027691544433903294
3.421117838783056e-07
0.0021293685253808217
0.00010073399314025975
1.737596496112487e-05
1.7754755407016323e-06
0.00015586699525699441
8.175995519773372e-05
9.564721401294593e-07
0.00033236032728365354
1.071163484580271e-06
2.2241784314703574e-06
1.1014661478640976e-06
2.1316924579199694e-05
5.976594066708687e-07
1.5035385588403643e-07
0.000858584422515206
1.6586827868244164e-06
3.2962616882108558e-06
8.470238109062406e-07
9.96382619851183e-05
7.468019789272016e-07
3.7634727381031932e-06
8.642464872130482e-07
1.3780025249033986e-06
8.55790259871203e-06
0.0019346305841817244
1.8731237665379031e-06
1.747444829049475e-06
1.804626159089491e-05
2.1564814172732882e-06
0.00032634777422451067
6.457935242315034e-07
7.55009122974402e-07
1.298974730648385e-06
8.094941353608901e-07
1.7062423595785973e-06
7.056862431923273e-07
1.102341698615215e-06
6.120899082111526e-07
2.015010376708504e-06
1.3902515435358544e-06
0.0003264241421464913
1.2932831607051834e-06
8.972962633241505e-07
2.3168573396718276e-07
0.0002990221872405154
7.627478159046461e-06
6.708931163843639e-05
8.435656412376617e-06
7.544559004120236e-05
1.6433051397133503e-06
0.00017982313763643704
0.0024723778488597564
1.2092857832881708e-06
0.005291938777328258
1.1406018914830282e-05
1.309124278360443e-06
0.0006283345408969638
2.9979561659391944e-06
1.1435004233515749e-06
1.158578887162149e-06
0.000554865210706011
3.1433553141713494e-06
9.165594042939813e-07
0.0008117411548951976
0.002576956298590464
1.656112747452149e-06
1.8203437097296962e-06
0.002446558728862953
1.7735350408407118e-06
1.5590312641900763e-05
1.8050751142564003e-06
1.0913157847971028e-06
0.00014054289055360746
3.946067800546306e-06
1.0635553628950986e-06
0.0006246049805055527
1.548809024106794e-05
2.063450860153865e-05
9.645819447762475e-05
1.2302196421194306e-06
6.818864749821354e-06
9.447939718991068e-07
5.992273823016063e-05
3.246127047597178e-05
0.00011730062260477087
9.976577835352681e-07
0.00025495753409767233
5.251666290291067e-07
2.0216593919638e-06
6.228079099588099e-07
2.2842616778785554e-06
2.835180263857652e-06
1.6136379147029037e-06
0.000768508067661296
2.7176709221173204e-06
1.8203909106044326e-06
0.01775532609821764
0.0005324986206264925
9.683836405765091e-07
1.0321629959592982e-06
2.212276849600993e-06
1.6600612187970865e-06
0.002231178546116045
1.2328403562680674e-06
1.4792516433978952e-06
1.5362420871300004e-06
4.178108710329405e-06
2.3509499489882226e-05
0.00014016304564948875
8.292251665233766e-07
1.9347391031135837e-06
2.337385943861544e-06
1.0122134706728882e-06
0.00039576263930445933
2.9667560354387927e-05
1.327385501026915e-06
7.206662910848842e-07
2.066933622031546e-06
1.0612248674065512e-05
1.2848034785174117e-05
0.0027409081832028294
0.00024024755918329268
1.052833738060579e-06
0.005220815329582495
0.00018838939097857755
8.421629444055266e-06
2.1615151690658995e-05
1.8840201786671719e-06
0.0003012369391683143
1.778168582664999e-05
5.584399519447519e-06
0.00014508773482086468
8.526943655397373e-06
0.031016172913648426
0.00030458167398285683
1.1243341295065543e-06
8.412596161700936e-06
1.2970240933764596e-06
8.952093778853238e-07
1.9079458038506864e-06
0.003032549590866993
0.0002149143516685049
2.60665493815181e-05
0.0010512278766196786
9.390154019197051e-05
6.288680098884085e-06
1.0835914610177589e-05
0.0008284442923571098
1.5856112614995423e-06
5.544929506368117e-05
1.8494349116880285e-06
2.39473934650403e-06
1.763631370778719e-06
1.365255881485266e-06
0.004461999183302075
0.0003326835201670433
2.18875278389804e-07
0.0002466596975315178
0.0039582799912986615
1.6639981581639442e-06
6.429126750751641e-07
3.7757906962940767e-07
5.9166145962419433e-05
5.737764295162451e-06
2.084612793850278e-06
1.0283877748801205e-05
2.623081897706505e-06
0.001580206642549697
0.001397912507136725
8.981947952423449e-07
3.769234047612463e-05
2.984250460563542e-05
0.003918611415805956
1.4044520565865722e-06
1.059946492919843e-05
0.012780805931952409
9.190520568154345e-06
1.1269431660427673e-05
2.745713571446942e-05
1.0663929217723927e-06
9.23626145273104e-05
0.00020920527025900716
5.064328275998257e-07
1.6319978190257068e-06
2.555884492829935e-06
0.00019462855755149582
7.562996562210544e-07
3.5829817239118154e-06
1.418047201260711e-06
0.0012988565781344146
1.0776452377218683e-06
1.7698346925041025e-05
7.60542555973097e-05
0.014810878941758587
1.8080472508186154e-06
1.6875387105390782e-05
1.057697599090367e-06
5.8936750422137874e-05
0.000686102546389153
0.01220328349030234
0.02826566530279408
0.0015643428090149525
4.937818395532371e-06
1.390143731854677e-06
2.7016935637876076e-06
0.008439411657232162
1.4378604730521674e-06
1.7082229582060167e-06
2.2071837870572556e-06
3.521945342563701e-05
0.00863925289726201
0.00022910403544774882
4.4196373959811295e-06
1.681984469899063e-05
1.6724161124037504e-06
2.417033022602674e-06
1.3848677097677506e-06
2.2938135831372554e-05
9.457579240712659e-07
5.726387499384725e-07
0.003405570692505876
2.947299811184053e-06
5.353567430254651e-05
1.2295939277980822e-06
5.1143192477461325e-05
3.051308274987192e-06
6.66252868261926e-07
1.7718698183808733e-05
1.3942525868754199e-06
1.2644347324785155e-06
0.0023068596547321796
1.6159003280326114e-06
0.0008120045599217021
3.2292397788884665e-05
4.901680046764258e-05
9.056194295696347e-06
2.878787610564539e-06
2.355103491347953e-06
8.771122944998792e-06
0.0007841747788565516
9.514687593921827e-07
7.109477467648891e-07
6.135094595138397e-05
1.813225032193076e-06
4.851635732669365e-05
7.310244500863021e-07
1.3359370138252785e-06
1.0643825860773683e-06
1.6398697717011644e-06
0.0001138330688707532
2.0888057429034433e-06
0.001973508504456702
0.00260100889791081
0.002393582195380177
1.2909593638052696e-06
8.755315619094119e-07
0.00010334739197413319
1.9877701324006776e-05
0.000610439490951298
7.727731386165964e-05
1.176099747662321e-06
3.923839830969085e-05
0.00046204830815713865
0.00047354632076850424
1.554337878297488e-06
0.017640824335635148
1.1423120951534883e-06
2.1766394261689188e-05
7.01624823242644e-07
2.8358695271631682e-05
1.1971886593077114e-06
3.0181260137537035e-05
2.9444528020022282e-05
0.0005320803922727903
1.0330085546010709e-06
3.535263265924124e-07
9.985107202721807e-07
1.4581024260526926e-06
8.007798530160668e-07
1.6243174286033085e-06
7.924291557022993e-08
0.00043520720676234705
1.5761276901367453e-06
1.6104100395597507e-06
7.1678480783244165e-06
0.0001114089528739935
1.882130732159582e-05
0.01541799423081709
1.4439796847800867e-06
5.944420497324425e-05
0.0013807044449884395
1.2891828650573434e-06
7.641286453504603e-07
4.990672243113183e-07
0.01873574550051478
0.0003564998975421797
0.0011922850613744612
1.2224716441442855e-06
0.014904290687311299
6.213415602128499e-05
1.227762513111685e-06
2.080191032759793e-05
4.035918073253379e-06
1.032249466867661e-06
2.6001556024096097e-05
7.712329373132546e-07
3.302407075120068e-07
1.2566584626337207e-06
2.5312129620408293e-06
1.2590428162016892e-06
9.789936344996526e-06
6.785405930726074e-06
1.9368298537424854e-06
1.2563842464835884e-06
4.354411119386814e-06
0.0070508832501053565
3.2457971707898235e-06
0.004034888414151844
1.2672234748407615e-06
3.7698042690358154e-07
4.341923997693002e-05
1.2566485139905816e-05
6.636999554773827e-05
0.0028066773175305826
0.001045002600529538
1.1050976502504464e-06
0.03244863392078693
5.548355954753937e-06
2.0174471531068627e-07
1.62364864941674e-05
0.00019423045624999621
3.576859819870957e-05
1.3769155952281719e-06
1.131256435056778e-06
0.00039088653732398756
1.934671985570538e-06
6.230817161919199e-06
1.2678105565297578e-06
3.3771402160950665e-05
9.259595232876041e-07
0.00130256165959623
2.0338666408338127e-06
0.0013747161950838878
1.4163811080138627e-06
9.289582303781773e-05
1.1068679086960084e-06
7.480133142503941e-05
1.675085317018905e-05
1.4405539844299115e-06
0.002165350991484856
4.787591613780034e-06
3.8911945328549114e-07
1.265082894107026e-06
7.053489260860448e-06
1.41735454769481e-06
0.0009764668873664262
1.6965299216355004e-06
5.114094776088599e-07
2.741665273202138e-06
2.4014859806746263e-06
1.0793548359319524e-06
4.169118962976952e-07
3.7401732592256655e-06
1.6166973269047123e-05
3.6181714614380403e-07
2.9785840763631734e-07
2.3362859616537046e-06
0.0014614795948061697
1.9234507410455072e-05
2.8165095930100386e-06
1.722822747437829e-06
9.133822255596414e-07
0.0022683410750636013
6.870300883776118e-07
0.0004902040274232092
5.834167495959504e-07
0.00014345866857140872
1.192993377432045e-06
1.158517171588853e-06
9.34262068729678e-06
6.870627906148207e-07
1.5512172545875035e-06
1.098097341467215e-06
2.770206903164062e-06
1.0426979312523972e-06
9.797988212403094e-07
9.72456741230154e-07
7.378644476541039e-06
2.445426146746093e-06
6.981931221526464e-07
1.1272841091481116e-06
8.64026267057531e-06
2.671292295595904e-05
1.597558936245302e-05
6.81590674892279e-07
1.2630496527486485e-06
7.342745098168043e-07
2.926393077385961e-08
1.0014689496527697e-06
0.0004630245697023047
1.0785706389478167e-06
0.0002723060432427906
2.2016896854922847e-05
3.0986768836000574e-06
0.00017202461050415052
9.376181780854753e-07
0.0005419090695257426
0.0002043054353354023
0.0002263739970785682
0.00010865697366965338
7.264563912957204e-07
3.1624508861046134e-06
1.861197369743737e-05
0.00017450331642293487
3.4611418264205024e-06
1.0290991045996537e-06
1.8654347972041567e-05
1.0355469863885118e-06
0.0001971252909967794
2.8834757617963125e-05
8.712428522270528e-05
0.006910639578780163
0.00035326436798826144
2.0370952380346234e-05
3.945108693929475e-05
1.2264601258951783e-05
7.803188718221118e-07
4.700090893077605e-06
3.730969778959188e-06
1.2181459218344878e-05
7.147344641818638e-06
1.815118770254321e-06
4.736003406272432e-06
1.849031940062407e-05
5.6801027172448845e-06
5.336912780559216e-07
0.00020918874355070244
1.2063013183756849e-05
3.7611349227166475e-05
0.00030629820221530037
9.483805395500017e-07
1.3914951385459194e-06
3.0284976313670104e-05
1.908651549341265e-06
4.3633629862289665e-05
1.4454429026381976e-06
2.2822086217880775e-06
2.0328075177770638e-05
2.2276499997702737e-05
9.822845405384389e-05
6.543932461346098e-07
1.5943883968193091e-06
7.367528533593618e-06
4.547716564419373e-07
1.9919751581485162e-05
6.751860773977826e-07
8.909107808210219e-05
1.5256515011884532e-06
7.697875604357709e-05
2.9817858205056414e-05
1.2916449217257898e-05
0.0002751020095121214
2.5657427673708718e-06
0.002126537357880151
8.69675892736462e-07
4.512687955019194e-07
0.002795990973381113
1.2367064506656608e-06
5.852013448145168e-07
0.00021264630711977062
6.688834822821472e-06
5.508885385094276e-07
9.192037336879595e-05
4.408651435672181e-06
2.16534787484866e-06
6.738713388510527e-05
3.303721124883014e-05
8.29457303819881e-06
1.215659012023105e-06
0.0010656305560144926
1.2747760855497447e-06
1.322649317532068e-06
2.2770788600988405e-05
2.2729126586813845e-05
1.6630125263387155e-06
0.00021582967163098472
1.2901700383573578e-06
3.2134815526845884e-06
9.254139219054161e-07
3.5384673377521577e-06
9.714550686634364e-07
2.591663918721777e-06
2.1568931857471697e-06
1.0270766739389132e-06
4.879546892098073e-07
6.461957818596683e-07
1.7409134470081613e-06
2.3526715852647627e-06
0.00010173994857731668
0.01675724584860308
1.485360976880863e-06
1.0656285188049952e-06
3.6163089289038415e-05
3.216381287504244e-07
3.4228377871553815e-06
1.5555568960144558e-06
4.0182294220757433e-07
2.491589633578857e-06
2.308105762773837e-06
1.0408356974379707e-06
1.3925477853712128e-06
2.0659832162993473e-06
1.046124278625039e-06
8.825340595804729e-08
1.1513932896200696e-06
9.094718283779955e-06
6.622895667837978e-06
1.1826793028807535e-05
1.1116260092319071e-06
6.893214684119612e-06
1.5091294039809365e-05
1.5983065220295e-06
1.281546954659431e-05
9.35039654567752e-07
8.029337851273232e-07
0.060990702829892635
4.011051308454189e-06
4.484071788710282e-06
0.001883638777517836
1.467287036161038e-06
0.000659078931184402
1.079212986568018e-05
0.004663379014174718
1.0831723671032039e-06
0.00035691209861002057
6.294644514994709e-06
2.1619823647198486e-06
2.782076408631644e-05
4.7209781204869804e-05
1.2619247862108249e-06
7.191079000708686e-05
4.7128478920594216e-06
0.004429010439976974
1.5670145826412022e-06
7.767288713166858e-05
0.011589796067220262
4.036539906493917e-07
2.1601036186006527e-06
1.070777786647736e-05
2.1837534870301923e-05
5.4896588361043416e-05
2.3181267788037634e-06
1.808718582360158e-06
8.951124441449576e-06
1.6353150068631057e-06
1.0157855998647559e-06
5.27136157732057e-07
0.0013220677239405032
5.1764730833303896e-05
6.009843594598896e-06
0.0006180823336815576
1.547705868396271e-05
1.1677435311625019e-06
3.8082266859780786e-05
2.8083684265048833e-05
0.00021437859402734515
2.97339511715488e-06
2.209467895800584e-06
3.214726199534774e-06
1.5161771643915746e-05
7.628901359744286e-05
6.38600260128209e-07
1.7735524855573428e-06
7.981794955307292e-07
2.420330356427139e-07
9.385104103907818e-07
0.004314087490706703
7.50907014978628e-05
2.0460190492261116e-05
0.0019039777702001754
1.849798231535976e-06
0.005167565807960526
4.027884621159013e-07
0.03975670578990179
4.915213383529498e-07
7.641214891692278e-07
9.281078866327701e-07
2.291200356970998e-06
1.0524576789354053e-05
0.0010318621118276942
2.9776677749901307e-05
7.308262494910699e-06
6.939498342625431e-07
0.0002083129343416484
6.506011484159708e-07
0.00021381571647135006
0.0001970457781505427
3.654790489700554e-05
1.199319337183878e-06
0.00010040735607466688
8.244229252174732e-05
1.7378203443487487e-06
1.7004565072211586e-06
3.4224135565420867e-07
1.831537264510431e-06
1.0816298929859637e-05
9.317826482862006e-06
4.362603806549684e-06
1.60820507539904e-05
1.4943286878067608e-06
4.7182228725382455e-05
7.511504436466911e-05
7.372576386220104e-06
2.7782775965322182e-05
4.802970439594594e-07
2.178374987180846e-07
3.401039543975765e-06
6.13923896430875e-07
0.007051178239359643
1.3859423098555595e-05
7.198497109980077e-05
0.06919225147549354
0.0017541443869883166
1.14391501715829e-05
4.373523328023344e-06
5.711058792228104e-06
4.098329332485436e-06
1.1182276816246826e-06
0.0002487593922310838
1.791787787802506e-06
0.0010050429090328712
8.861483840848586e-07
1.702900482261533e-05
6.0580136273482895e-05
3.2050486554013266e-06
2.4650065963826826e-06
0.007619021499268651
2.155769828616014e-06
4.4763063248382434e-05
2.1739876716045746e-06
1.2992004862738155e-06
5.5795613121343305e-05
1.1194897154900544e-06
1.697780485453004e-05
6.564930163151796e-07
3.9111448174632965e-06
5.714310859543148e-07
0.018345206683446517
0.0031534321845274114
0.004049696181410443
3.199021904320864e-06
1.2537194657927897e-06
0.002210241286901423
6.745095861379228e-07
1.294878292177801e-06
0.00023271639856406904
8.284552178812311e-07
1.55999566066182e-05
8.204476021003881e-07
8.580094520552446e-05
1.0735733093098222e-06
7.0717689109185e-06
0.0006884178047206046
0.00034935857859023554
1.6081838979160535e-06
0.0038574267180887137
1.494260329426883e-05
2.2550432157870076e-05
1.8998973330369963e-06
9.115003045157559e-06
0.0004110131208425753
1.1780744019731494e-06
0.00013987426078691779
0.0005940339299549425
0.0009358015698594685
0.000711868679962891
2.5783016107800276e-06
1.0380516202741292e-06
8.480973333517833e-07
0.010444240622848645
4.367812992464657e-05
5.054373788814113e-07
1.4151124438698325e-06
2.632769214422405e-06
5.516467273209329e-05
4.8602105021346815e-06
7.326292010343235e-06
1.9928615444521354e-06
7.739587821052269e-06
8.472310256399128e-07
2.0846669794052917e-05
2.3930751286861873e-06
1.4148700337206416e-05
9.644828190144606e-07
1.6467314557194883e-06
0.0016700546332779212
2.6568707660937458e-06
2.7425494504526397e-05
0.013717236082941914
1.3584963100573847e-06
1.3379432650577426e-05
2.577752513929673e-06
0.004032700505317601
5.120767698279388e-07
2.2846319824418898e-06
0.0002636870531384824
3.85862006709639e-06
1.2902665771259686e-05
1.9549422721774948e-05
2.504863732798884e-05
1.16099460062633e-05
2.03600417427075e-06
2.7577322473805406e-06
0.002258431570542969
1.6792763627093875e-05
1.273882205618525e-06
0.002138813321596653
1.2735973708141627e-05
5.0765133244187156e-06
0.0038609456258765023
0.0004982795698468083
3.267114393015611e-05
0.000276299384093157
7.34876179380781e-06
1.9160320470951305e-06
0.0033530524155747678
1.952073692931962e-06
1.0659599729069778e-06
0.004786166351616688
3.6313439962621078e-06
1.087711384877256e-06
2.6766650058345194e-05
0.016457915959404004
7.214296923666347e-07
5.942179595132624e-05
6.917542225673717e-05
1.457701261834642e-06
2.0648537132483505e-06
1.1964372372016688e-06
2.677438105389631e-06
5.469471194615501e-07
2.6247574953221062e-06
7.1650679087583455e-06
1.4398383004129135e-06
9.448772307454601e-06
4.830581546578617e-07
9.096130895819503e-05
1.9934017415580987e-05
1.0515578727550048e-06
5.9296822691308455e-06
2.438936716371839e-07
1.0008085953662886e-06
0.0014253606887627123
1.1871237816341873e-06
1.2642099935894287e-06
4.209844413031197e-06
9.30985895484739e-06
0.0010758644794190673
4.973118140051499e-07
9.344178658896878e-05
0.11423628032340517
1.068517880806923e-06
6.289758389738207e-07
2.7044259147003746e-05
0.013474519152750176
3.0135618991864055e-06
3.123807247104384e-07
0.00011243758303978776
1.248183337052634e-06
0.00013805491157898426
1.9755132635402125e-06
0.0035913162301461467
1.5780272391025295e-06
3.265632817178285e-07
4.485936645585485e-06
7.1051499852379065e-06
1.0774993667859764e-06
0.00306032939289358
0.007560044203052602
1.2533749055303848e-06
6.84932576132626e-05
2.0920612402998732e-06
7.050714171794725e-07
1.6244574812466833e-05
0.0001800377590218991
0.0007185284560670053
5.821443409011034e-07
7.841734755766981e-07
2.5178651308231348e-06
1.0783134254558115e-06
6.932876288906474e-06
1.1052107758461632e-05
1.700367624405438e-05
2.0663404310969622e-06
0.00021567318212070035
4.7958985901326775e-05
4.4171964541573955e-06
0.0002427841583015963
1.2795216893716808e-06
3.5666361517145606e-05
4.125647426331592e-06
0.0015511369503580208
8.56832242204421e-05
9.014759712301851e-05
1.832752540967562e-05
0.0017250527657930663
2.1754067114402478e-06
0.00032169327753023996
0.005798605954463612
3.591540384032106e-05
2.469652347846405e-05
1.5427382082298675e-05
1.9021994752970027e-06
5.76563640016581e-07
7.911095730559153e-06
1.1627070514061326e-06
4.665733548313675e-05
1.0879460054753823e-06
4.75122041495581e-05
4.545488829157567e-06
0.0001214776685428834
0.0006705110446480098
1.3727363656237286e-05
0.000198204252346566
0.00016512880014108174
7.585926306889872e-05
0.00011835792658854608
0.001168871654225624
5.99051956398635e-07
1.1120910324788195e-06
7.659991800093147e-05
0.0003395080727238972
0.0004331619543855447
5.622832257648203e-07
8.263037225939757e-07
0.0002807393917312825
1.849007195083781e-06
6.411660637299697e-05
6.81669418187784e-08
1.609248719339213e-05
4.922448238629032e-06
3.311386905515167e-05
1.1668368999546467e-06
