0.2772764687288033
0.000868804332406972
0.006784496808967738
0.0036520706646209202
0.006175062855868125
0.0266335403607714
0.006961606084494737
0.012041205035231345
0.01932962883071742
0.009256167700580709
0.03355120065959564
0.004109644910569896
0.0009988783730485206
0.003294211135418533
0.004782557490587848
0.03265953977360017
0.007779487315106583
0.007143041022345984
0.003434941464744532
0.0023758530287403584
0.019612530410860675
0.0047373523565574765
0.009982242234541257
0.0015698761731988706
0.003192860417866748
0.03263968124841953
0.005229381391562408
0.0004890786852110183
0.009851992605728535
0.004158200660543681
0.04937771647313293
0.001137272736803535
0.0003444711353563359
0.0020907400273074673
0.004462996897187852
0.002901329960935058
0.0013035068376548568
0.0033204179342967233
0.009569833964910788
0.0018592682194016887
0.010427749402427168
0.0020270696716735985
0.0012424910546267895
0.0009410079448779449
0.00017211049512275714
0.0034914341869628136
0.0002661432717356079
0.0004958484724908762
0.000644812588832367
0.000654652621469965
0.0018476063991272318
0.005541522030048452
0.0007793550186967983
0.00011993557942764158
0.0008336029145315773
0.0005521768190118275
0.0006432566559356151
0.002420220681503519
0.0004846448844197761
8.133095313272213e-05
0.0005913423857176383
0.0007588708328888395
0.0006057164121510849
0.00020567888281385134
0.0003052318212065006
0.0004939760072085101
0.00039494578916085034
6.48518927941707e-05
0.0011788382744224658
0.00014091811080364991
7.03933983152363e-05
0.0012002149354240269
0.00011856061503510762
0.00023897422942602804
0.0003132644045907505
0.00029353882042709413
0.00033891281898434033
0.0004013877926082385
0.00022642709603275506
5.6489731857870795e-05
0.00016883001099260835
0.0014630990209923598
0.0004856417788071198
0.00020831496222189827
0.00012822686476532256
8.353404404804877e-05
0.00017545606149988263
0.00013317098113367845
0.0001403352362925689
5.82023754058222e-05
0.0009742673738061833
0.0001918671134700612
0.0012523121220509184
0.0001828889558217022
7.605103032351033e-05
0.00010794774082868811
4.8616968458908076e-05
4.5907991082118825e-05
0.00012282837443775626
1.4491488555743181e-05
2.3164471884683805e-05
0.00010465565854806216
0.0001503448206857759
0.0005070155783652383
9.826647072714084e-05
4.905544105087386e-05
2.1532382123619967e-05
3.975200761021632e-06
2.5578141603471483e-05
3.7956720008981887e-05
5.0135319502980124e-05
3.87614662937393e-05
2.0553431016906297e-05
5.826044809290205e-05
0.00021338160308829126
1.692963888769499e-05
0.00016801731968451423
0.00018597204251286764
0.00010579841545108558
3.5775230459205974e-05
1.1602134270319259e-05
1.2458668248072644e-05
1.2104774282909865e-05
5.060840441322961e-05
0.0001565819718091534
4.706208368091372e-05
3.893685048467927e-06
3.204355036733664e-05
2.8761289102927248e-05
2.2616819122689523e-05
3.166355297667202e-05
4.8410391221349125e-05
1.5525092176134145e-05
1.4266941754253515e-06
1.1240882772045917e-05
2.061533702345932e-06
1.2682869318678459e-05
2.436084519492474e-05
3.82771232220566e-05
4.5376002680460164e-05
2.0937275912054037e-05
3.9017400559909964e-05
4.1731533514493046e-05
3.440979354556282e-05
3.18129024026509e-05
3.9095565917255946e-05
2.407465113135648e-05
2.5202553835415182e-05
1.3596460466910763e-05
1.689628649470266e-05
5.153312267726998e-06
1.7721354280133322e-05
2.069927329134459e-05
1.734279410596247e-05
1.0690595683940086e-05
1.28961529106822e-05
2.2358327164599955e-05
8.091785552872515e-05
3.3023491878827856e-05
0.00011474696988069094
1.245838427946213e-05
2.694824888980503e-05
1.3095576742671766e-05
7.139928616568901e-06
2.854392658775875e-06
8.528861798162174e-06
3.972843274032471e-06
1.3511186044265712e-05
2.1925715840122416e-05
2.5147454505489056e-05
5.599391446578452e-06
2.0002431795467447e-05
6.774064561626923e-06
9.35748810536706e-06
6.3982166025446065e-06
1.4860330558337108e-05
5.354045995938028e-06
6.989109694191134e-06
5.493588774397857e-06
3.5229694951247794e-06
1.395604774892551e-05
2.062789899309868e-05
5.986138261044844e-06
5.654610712951129e-06
7.947199496330709e-06
1.0483126215979518e-05
7.154277257425154e-06
6.8383093664741255e-06
6.019089873829585e-06
7.955131442671532e-06
1.5809706684338493e-05
8.992346905996196e-06
5.588584567789461e-06
1.0637595179864537e-05
4.371463545599753e-06
3.520144369517172e-06
2.0655658056339466e-05
1.0448359531197547e-05
6.4872801210364105e-06
4.157700506853336e-06
1.080414061392847e-05
5.3187389334274485e-06
8.555211958463212e-06
8.348122288511237e-06
4.049686277842211e-05
1.0611847830409081e-05
6.3462937993287426e-06
8.459237716185716e-06
1.0158641886119728e-06
1.1550427713762075e-05
4.13863260320896e-06
3.6997151695453996e-06
4.721079924939793e-06
5.667275551371245e-06
6.9280958879945105e-06
1.1968704242922856e-05
7.309241258352485e-05
1.179932388002629e-05
1.8192437151022243e-06
1.2730362172954443e-05
7.0357419684981435e-06
1.3973616910243118e-05
8.654936521053083e-07
5.110674336606222e-06
5.402850415057595e-06
1.8681150886893155e-06
9.619813179503998e-06
6.4426091371429296e-06
9.052524880234876e-06
5.994888904960187e-06
7.108790975207686e-06
2.6314068141509886e-06
9.24760236670282e-06
1.3775927356588326e-06
6.692316650156375e-07
5.389642711543622e-06
1.0093474769913691e-06
4.3667841488181304e-06
6.491827911984505e-06
2.005377620861385e-06
2.0308413876883553e-06
1.910009775643385e-06
3.54552139934527e-06
3.989724051565843e-06
4.050026324748979e-06
4.708585944119947e-06
5.3940555491878196e-06
4.4800106430489755e-06
1.6357754403794222e-06
1.7190524551778064e-06
3.7444679370878093e-06
8.600467874972175e-06
2.2366655628461613e-06
2.5177597284600552e-06
7.5679584632208045e-06
3.0580371126021864e-06
5.536093845668461e-06
3.26780719561678e-06
2.457591881835148e-06
2.7342535062292007e-06
6.643948317730852e-07
2.7819538935976907e-06
3.5787662584410803e-06
3.6741511068842166e-06
1.9436004054389346e-06
2.3988550787590803e-06
3.2132074245988606e-06
3.7965604182885795e-06
4.528557715096797e-06
1.8939012850760522e-06
4.350317188489228e-06
1.3696407219754222e-06
2.56436300653164e-06
2.2400128932468006e-06
1.602088404771367e-06
1.6984537587512796e-06
1.1674870242068941e-06
5.599720815316518e-06
1.714027308720311e-06
1.723958673864798e-06
3.8007945296484876e-06
3.93156133492203e-06
2.03144920942404e-06
9.938409838559978e-07
1.9725504131818914e-06
2.8082394319191286e-06
1.476875131054778e-06
2.3369972572982402e-06
3.307594479265763e-06
8.911081549087995e-07
3.903344819347493e-06
2.1901813661013083e-06
3.294710044794447e-06
1.0146996504229416e-06
2.4738379129780726e-06
3.1644638110710043e-06
1.3933002450394387e-06
1.740864471313383e-06
8.862621400380395e-07
4.284856431354309e-07
4.510720863842083e-07
9.771649072511387e-07
5.932100313448921e-07
2.5528339893565185e-07
7.055265431170642e-07
3.923071432652968e-07
3.3690375431951846e-08
7.115893163051799e-07
6.891034173454342e-07
5.353537968423721e-07
1.0123927325803676e-06
6.322134541709865e-07
8.354118034637722e-07
7.878059458980306e-07
3.9742334586279155e-07
4.721202774070486e-07
5.586030346134435e-07
6.926515894026609e-07
9.864869302676211e-07
1.4833474550679267e-06
5.5950955423391e-07
5.244631946494019e-07
8.266651596702768e-07
9.155895317218431e-07
7.140510680161489e-07
4.801496714706541e-07
2.498690904617641e-07
3.9580995546038236e-07
3.935091440626029e-07
3.5459405315852877e-07
4.7301567061737923e-07
1.0152194556021184e-06
4.4210207365092806e-07
2.0473640826119898e-07
1.0951126197084874e-06
9.377815409975085e-07
5.403613322984229e-07
7.333990321547279e-08
1.10966365625762e-06
4.910794072431292e-07
6.316824388284738e-07
9.152482862329608e-08
6.891825625891407e-07
7.039029930940225e-08
1.0337791241704142e-07
5.749513070115703e-07
4.573934677339079e-07
4.8427737575240404e-08
7.696619794208343e-07
6.214014084743754e-07
2.84939989716129e-07
3.89205430654884e-07
3.8249545801968794e-07
6.672513503257285e-07
8.971103584831664e-08
3.1669692927085117e-07
7.461304505273824e-07
5.127960666914902e-07
5.253502623709308e-07
6.189309572539104e-07
1.0225515105770506e-07
5.721852115706206e-07
9.585767458475779e-07
1.0829022405021795e-06
1.1179963846536781e-07
1.7014173307004764e-07
3.64302679906143e-07
2.600139848397679e-07
1.7161410298554765e-07
2.250587654737134e-07
5.464252742559312e-07
2.787376827620229e-07
2.231145363731463e-07
2.323822665306214e-07
5.44956135908406e-07
1.2923924714340299e-06
5.540638872588854e-07
1.7592021412517721e-07
1.1938396999111592e-07
8.442712320519698e-08
5.198327168118009e-07
2.7192552433626164e-07
1.9330899297508773e-07
8.402415836312701e-07
4.995927898238429e-07
4.268309239642956e-07
6.3080651850849e-07
5.527637631047761e-07
7.366510546494378e-07
1.5678602170865496e-07
8.396408663827421e-07
3.106088888269902e-07
8.460135092709121e-07
3.084440334621393e-07
3.4765593800725866e-07
1.753117836468916e-07
1.9400987587224665e-07
3.761238306035352e-07
1.104992232410512e-06
4.1707077880722974e-07
2.7973569017092847e-07
6.880032439218724e-07
4.912956028596615e-07
8.39411880284169e-07
1.552118492027043e-07
5.946482957829105e-07
1.3544714136023265e-07
2.9222248599037805e-07
2.6352180827447246e-07
3.9415962362573573e-07
4.061733057945295e-07
5.244342318930456e-07
1.6369734244359675e-07
4.966112252098156e-07
7.358104101381193e-07
4.0595802115071817e-07
4.884955435659393e-07
1.4152423632314786e-07
6.347744135538358e-07
2.3416564837116195e-07
5.61284029039174e-07
4.3629089735163855e-07
3.44850052535336e-07
9.866773745853725e-07
5.923043250115974e-07
3.262473452829535e-07
3.065148177890794e-07
1.288287272051218e-07
6.241122633314621e-07
7.127750820928288e-07
5.619604675907026e-07
7.515999162993093e-07
3.2447278888605856e-07
7.38120359433812e-07
7.878183615664284e-07
6.984297125100641e-07
2.9081538124259673e-07
1.0570168339755162e-06
4.28217470531573e-07
7.949239704078157e-07
6.172741723757416e-07
8.23728480641321e-07
4.305418678240563e-07
5.00381029932383e-07
6.991832219882813e-07
2.828885444206905e-07
1.2684578054058836e-07
1.1878827958483478e-06
3.3303037959083286e-07
1.5824050875330246e-07
4.17666902330226e-07
4.862699795291818e-07
1.2479835467390464e-06
8.366019155062048e-07
4.307704395112233e-07
2.321479148030015e-07
1.0479786492465284e-06
5.561461144876637e-07
3.1712268898955946e-07
1.7952437426135323e-07
3.5399661282797207e-07
1.1085152283584623e-06
4.4216297284316155e-07
5.886382104355471e-07
3.795314823981281e-07
5.150355299856711e-07
8.941535753760652e-07
7.859602325840241e-07
6.448496281790362e-07
5.525773081264657e-07
3.2940309107287015e-07
1.0252475875969539e-07
5.565045202056689e-07
1.169728240878982e-06
4.2497948678374193e-07
3.261089205308351e-07
4.925869510971216e-07
4.0429184411724307e-07
7.559478227073588e-07
2.3583687500361743e-07
8.735716062754083e-07
2.5057468563149827e-07
6.782391368438009e-07
5.264592521637966e-07
5.96376612671324e-07
5.133829746381283e-07
6.618907358395758e-07
2.7658187164345537e-07
5.492207862299959e-07
3.031740360125488e-07
1.588567354830561e-07
4.176628835223631e-07
5.132297051573621e-07
9.283431681013595e-07
4.5967565742034404e-07
1.718931955454055e-07
6.172543685270762e-07
3.2185205059432253e-07
6.226769343880838e-07
4.512880020757649e-07
4.108257065699099e-07
5.365691859637849e-07
5.786421436034932e-07
2.0286856101184534e-07
8.103999216894706e-07
1.3123129926799007e-06
5.109572335330652e-07
7.796603104144327e-07
3.255854062839174e-08
1.0816973896327476e-07
5.627064081004896e-08
3.9569676194269153e-07
1.7381731799855845e-07
1.689168046796668e-07
5.000439222696642e-07
2.0513416455894481e-07
3.659667141874372e-07
9.168266477072601e-08
3.132469126265564e-07
4.121324361113576e-07
5.336542270093232e-07
4.0387283865329957e-07
2.2041549211494517e-07
3.2260383255008487e-07
2.831799339983246e-07
4.396513409094235e-07
7.926702421297741e-08
6.377646006158717e-07
6.14923504187487e-07
4.2520534819417213e-07
5.664302486041788e-07
4.422485545034958e-07
5.972142570569998e-07
4.147732774991395e-07
7.837422477013656e-08
5.419707872467168e-07
2.844019262980493e-07
5.854987332114157e-07
4.969865468789852e-07
3.490029554459548e-07
4.610436227524161e-07
4.939666688808995e-07
1.955746737617622e-07
5.319085346368167e-07
5.132954176973799e-07
2.3848937227483155e-07
9.291868986906811e-07
2.61788518192033e-07
4.853441890998866e-07
3.43451103536308e-07
3.569884657999777e-07
2.9537241332475904e-07
4.292493661233713e-07
3.800753670978651e-07
7.840911760498202e-07
2.2739151045926052e-07
5.989707592799082e-07
2.4242219576409904e-07
3.2481183844095694e-07
5.133093827853905e-07
6.983686598965439e-07
1.4818377809021445e-07
4.84222252452271e-07
1.9749541817831668e-07
7.352994055524798e-07
5.661698934741523e-07
1.1199375722772e-06
3.022619743898213e-07
4.869413459464807e-07
5.951375359083862e-07
3.3808151595416426e-07
2.17180914493986e-07
6.25970369401861e-07
3.936515457146836e-07
8.774175555014532e-07
5.993897632295426e-07
4.477462399079144e-07
2.4328679624401455e-07
7.946834681937057e-07
4.592339436397635e-07
6.819530114084374e-07
2.046107389432575e-07
6.534533221907262e-07
8.257537230245163e-07
5.493365481890408e-07
3.678825149878861e-07
3.183025391556574e-07
2.2514881654506988e-07
6.041943207384469e-07
5.521337457112338e-07
3.1868193262584836e-07
6.173836330487307e-07
7.543413875080442e-07
2.906734464096856e-07
8.390300955480055e-07
2.6383848327265463e-07
6.497878925694325e-07
7.03497892912735e-07
8.887344746508978e-07
4.5971210930225964e-07
1.4243949723299253e-07
2.5562708414848686e-07
3.7994417150583287e-07
7.895765982674591e-07
9.003927397863093e-07
2.633623989226626e-07
2.4580924160479937e-07
9.78688719333506e-07
4.6590441440361213e-07
4.7583923446035053e-07
4.7414711013284853e-07
3.8766299970957977e-07
2.6713065311752643e-07
3.8022815808835136e-07
3.4223272178319603e-07
5.598971841519756e-07
4.769915909648329e-07
5.01205519405708e-07
6.451176176098731e-07
4.163023532263249e-07
9.398367286599336e-07
4.819103402452723e-07
1.364576193788388e-07
3.901086749797017e-07
5.136620596335964e-07
6.576666401070804e-07
6.938380751032382e-07
5.65808626966986e-07
2.384600676185539e-07
4.0909044930936746e-07
1.738496292604389e-07
4.6045901316400834e-07
2.3360428021272713e-07
2.577498487410846e-07
6.163949339094903e-07
3.782057311031261e-07
5.797960315464337e-07
1.3003422916006378e-07
3.288633770186487e-07
2.1517874655280904e-07
5.308583474569057e-07
3.9480005162177945e-07
7.770455343423798e-07
5.768323508813198e-07
3.7701571781937446e-07
3.612361820719671e-07
4.1345826511289515e-07
2.9436402170217107e-07
5.863966780125824e-07
2.4670548129974117e-07
5.017817230350013e-07
5.449694560971008e-07
6.598551069872465e-07
7.562750264578059e-07
3.7925654452484515e-07
3.090397682890387e-07
2.881953878352762e-07
7.246817810767597e-07
6.895831763296889e-07
5.852818723050634e-07
5.770401894070292e-07
9.575803503377726e-07
1.1425952342710183e-06
3.5826732140700745e-07
1.0489773046251345e-06
3.7399813769310536e-07
6.004535045414782e-07
1.4140603826636622e-06
6.57230189772675e-07
2.1086595417571788e-06
1.599706854516443e-07
5.242436563227955e-07
1.2068978962099755e-06
4.832772934634361e-07
8.081049476449123e-07
6.107160408269164e-07
1.1449090375320526e-06
1.0364551457029562e-06
1.0466750958382173e-06
1.9893058790656222e-07
9.58987710363628e-07
8.055577751783861e-07
3.116018217788781e-07
2.1299810250661047e-07
3.122783861473011e-07
6.143179736475572e-07
6.858611203363917e-07
1.010306713886518e-06
6.833948519261334e-07
5.980697577557982e-07
3.1675110391376485e-07
3.1925855621628194e-07
7.598658343948853e-07
6.965474664334373e-07
2.0635724083856545e-07
8.150285949673462e-07
8.296069879028883e-07
6.71247677902354e-07
5.838136738241543e-07
4.2861056642910383e-07
2.472826451532602e-07
7.134207368565409e-07
2.9595662852803235e-07
3.309920035370144e-07
2.030887127341429e-06
2.337747769125029e-06
2.2015828204109767e-06
3.2883929515472948e-06
2.410539506319228e-06
2.900791687517214e-06
1.7684523297472392e-06
1.526607200381554e-06
5.038814769773501e-06
2.1544530221671322e-06
1.6508170321029394e-06
2.1097370107146545e-06
4.986643663013886e-07
1.6346872684356104e-06
3.9455060313901665e-07
6.015325649973937e-06
4.143239220099539e-06
3.355055375857006e-06
4.037804458717869e-06
4.670428555360696e-06
3.1129701151539175e-06
1.0864568230207613e-06
1.3595825039569548e-06
2.8675686828442445e-06
2.3293124970439943e-06
3.0799730289864763e-06
2.668121075292658e-06
4.308345156662759e-06
2.8417494486928916e-06
2.795984818936107e-06
2.799969142328369e-06
2.8345761510779325e-06
1.5666399585742882e-06
3.0398278336388883e-06
9.647103494500648e-07
1.5495856397246814e-06
3.4376325377226746e-06
1.670195496453467e-06
7.574777030824157e-07
2.292534574425504e-06
3.748162292651797e-06
3.674298188164749e-06
7.449560143059174e-06
2.2506213420318986e-06
2.088859573525548e-06
4.922182298815486e-06
4.0760063696303265e-06
5.522794129281581e-07
3.7327276197946204e-06
1.9144692766118945e-06
5.482635903302758e-06
3.5686533209372258e-06
9.455770099055698e-07
8.469954410047307e-06
2.492878099444197e-06
4.8138034196637835e-06
6.043836681643025e-06
5.149290300343631e-06
6.170835820402762e-06
6.247037333326881e-06
8.708774661093082e-06
2.603958832861571e-06
3.779860532526915e-06
4.411681509940064e-06
4.927925831407509e-06
4.4823676034383505e-06
4.4809051597328245e-06
1.0095435886549085e-05
2.3757133240540987e-06
5.620669496929715e-06
1.0913978014666486e-05
3.864612532822804e-06
4.755374349004092e-06
1.1933235830950445e-06
9.793415677794375e-06
1.3032286437091566e-05
1.0624011593098333e-05
3.665444348510076e-06
3.4171100276216522e-06
7.731148495600042e-06
6.754157540579758e-05
9.230858879087512e-06
8.105110018395554e-06
6.973383633317175e-06
3.9104348772562385e-06
2.7964845024270902e-06
1.578057242921668e-06
5.25907558064504e-06
7.976039352461534e-06
9.233484974686566e-06
9.919871932920693e-06
1.533966240552582e-05
3.662201523784591e-05
1.0527360959604132e-05
7.431167752665166e-06
9.7189031001873e-06
3.582018004797255e-06
6.887725362494475e-06
7.481957162051036e-06
4.792574991163061e-06
1.8903120348949622e-05
2.5554226952435647e-06
9.295702171665276e-06
3.599159446152078e-06
9.57647488349417e-06
9.931894269236772e-07
1.162003143921904e-05
9.408670963681512e-06
1.5023475834966012e-05
5.255320970080392e-06
1.4105918950673004e-05
3.2848995231600305e-06
7.158906389639373e-06
1.0714948992013921e-05
3.2129509392006714e-06
2.0556287904263954e-05
9.736710276008391e-06
9.905160625085418e-06
1.3434957394988207e-05
7.693507676966025e-06
4.389724238206296e-06
1.0000484959007025e-05
4.599085655041065e-06
7.094023409317152e-06
1.1864552063717413e-05
3.0489735335219248e-05
1.376950794366744e-05
2.212455616658412e-05
1.678103774361135e-05
1.3641926430607168e-05
5.5216217007930195e-06
1.638535338115378e-05
1.3770926700482326e-05
1.0950323093150233e-05
1.268676048188009e-05
3.2206716226334286e-05
2.1573050010925893e-05
0.00011110765323019611
4.9112406775698384e-05
7.029425618021971e-05
2.6843041964166937e-05
9.250725662318863e-06
1.8582131643253586e-05
3.5881915245159404e-06
2.571783393952817e-05
4.816771250501964e-06
2.4015109398124992e-05
5.334604033739309e-06
2.9869271123411077e-05
2.5735588847063747e-05
2.5298449636380274e-05
3.973046549785299e-05
3.3278812368333575e-05
2.969193093719551e-05
2.2790687160438397e-05
1.5721261829862483e-05
2.450434898635601e-05
1.9385873158184012e-05
2.6928670706792704e-05
1.7563683845762692e-05
1.3943560584227494e-05
1.5583702473834398e-05
3.24680796704724e-05
7.3324580912294996e-06
3.03671921653537e-05
6.043450371306261e-05
3.442323973973269e-05
9.155175026268321e-06
4.17221563133287e-05
2.1714254828501476e-05
8.32201174647311e-06
7.432837453247274e-05
0.000160394582966384
6.11991049023768e-05
1.080359891672578e-05
2.1966547020707166e-05
1.8570598836857658e-05
2.014913174734791e-05
9.671117246671867e-05
0.00011072861214705608
9.106278093991773e-06
4.0181891948066825e-05
0.00021711451701359098
2.1895250497043765e-05
2.6368380761766865e-05
2.5873801805790583e-05
7.4420832584251296e-06
1.7473903750795226e-05
3.7155263459588665e-05
3.716014664136231e-05
6.407202052342057e-05
6.281260411296909e-05
4.974827733235286e-05
0.00029869484380922075
0.00013197613087725823
9.085255114318268e-05
1.207599804531389e-05
5.215411834468683e-05
0.00011120256045725299
5.229295608800169e-05
4.1533210200508e-05
7.843267454607808e-05
9.369382196118461e-05
0.0001660270502012457
0.0011282897520509527
0.00014137430966351493
0.0005691217804138583
5.6929406505916036e-05
0.00012457104926849756
0.00015494094614994044
0.00031561513653259794
9.959054398336614e-05
0.00019670945038518866
0.0002675803408145381
0.0004572430526459043
0.0015985916139038224
0.0003272839120819109
0.00013946867143772518
0.00023147711005001013
0.00027175578066232703
0.00014940341575911598
0.0003356566398972509
0.00033767510472682623
0.00016719913056854776
0.00018643661984515735
0.0008641831865900218
7.116352993355319e-05
0.00022779137156389218
0.0015598928871515315
0.00019778248063449452
0.0003005992501087145
0.00029415329964175494
0.0013173016478632716
0.0003870129084762674
0.0003600496980282773
0.000721944556561266
0.0004586826436936684
0.00015118112875842508
0.0005549071145788368
0.0016602657486171914
0.0005324265010412592
0.0007239307618455981
0.0008587903877643771
0.0008360038342235504
0.0009269398647073758
0.004731525272408363
0.0008960608636779982
0.00014737076541673972
0.0005820941732099966
0.0003420988641773275
0.00032285115675961004
0.0029260909726951316
0.0008342591235982262
0.00043647719455580636
0.0005746875506806703
0.002533191928956297
0.007833012359143228
0.0022204917727083892
0.008386317012039476
0.0025271001381094622
0.0007012059736334465
0.0018448768530092247
0.006077212179170901
0.002152879396865651
0.00023791235399966124
0.0017697355006068758
0.033561504599849176
0.003978591500251115
0.013508916199446759
0.00040793425422957537
0.006979359937438771
0.009157053634668432
0.0013043956217497323
0.0037639006896832364
0.012433882155279973
0.0043943897332860945
0.005764392641019135
0.0060023445128270965
0.0031705236933090627
0.004927221390294887
0.00888525629814571
0.03186428889947087
0.0035955474617350726
0.0031831331334995433
0.0038995217797485903
0.003643724174981514
0.0023495540149996493
0.004080072680944333
0.019403556117437184
0.007402900123141244
0.00806010255045337
0.015704289073193153
0.005150258285080543
0.0012063336132851234
0.009541543259954948
0.001158468165614897
