0.08175928305905071
0.0074399101779945255
0.03799662645627543
0.02789960781424051
0.02457362738424614
0.01673896708760087
0.012816305921826676
0.0016851777580002337
0.00208458520150894
0.010422639699477048
0.010581439148954824
0.002286805803869255
0.007369816912269313
0.0020682375757586063
0.002145107343271372
0.0017594619297779772
0.003810375398414696
0.004769532591906307
0.003572940254588542
0.0017415671739457112
0.00195652683278766
0.0009569624553319268
0.0015484469196891796
0.00495269492297113
0.002033749674965534
0.0009452678336393469
0.0013059185454309492
0.0026705079738072023
0.0008342335889358202
0.0019625116815222394
0.0019040751589808097
0.0030057509330769926
0.0004112124904741609
0.0014050755242669846
0.0007565762352048692
0.0028765454154015537
0.0031196967236534687
0.0005991571879856801
0.00040600380862706656
0.0032898387162864097
0.0045726762473609125
0.003902599159338936
0.001333618634101528
0.001202747108503552
0.000979317035727005
0.0016316518234528322
0.0015890334747985773
0.0016239546554666102
0.0017547232234036544
0.0025003826390063055
0.001202809393215521
0.00023530044385272817
0.0005101537777616606
0.004000316147440806
0.003175435425100905
0.0015580506763962965
0.00034862707079553605
0.0011573906681822128
0.0012527917809841492
0.004094596480029771
0.0006940055591110973
0.0004906410549927751
0.0021826298034041034
0.001538526452882806
0.0010687648131399844
0.0010943248615571527
0.000607753360105105
0.002566443558182703
0.002689962862791787
0.0007831700105287258
0.003521644462194558
0.0018838518677189268
0.002335748237298237
0.0013350095714450515
0.00015481608638144524
0.0003600784415809837
0.0023971641083353162
0.0006088784682546865
0.000377620412867507
0.0012465108223491293
0.0021001643770400345
0.001650936460842895
0.001937764865203728
0.0006626597915184061
0.0004887534138972212
0.0008325557885369228
0.0008134794205915665
0.0004482597724232811
0.0011224865219396814
0.0014035685617145995
0.002525345171682384
0.0025898151953903923
0.0014561423279145075
0.0013391746900986538
0.00157902067842453
0.0023091443440925335
0.0006708060364534529
0.0008059247316336621
0.0007880158023391677
0.0018023054344518399
0.0028168830064666086
0.0006308098035733614
0.0009227677140499008
0.002181301640174413
0.0007873065508034961
0.0011686366524310296
0.0016770623268189554
0.0019150883919745354
0.0013678296484314454
0.0005836692462841677
0.0017638180630406139
0.002196845564363882
0.001252058114133432
0.001220283362696006
0.0015881955258778989
0.00048405844121903363
0.0042100570485725086
0.0012135080727859629
0.0013114549418920868
0.0029846572063827485
0.0010992263696106216
0.0014588778433835803
0.0017101702922395592
0.0009937697117739963
0.00186451426836115
0.0021458502132422827
0.0017733703771474758
0.0021883923243607604
0.0015821419075357885
0.001202957614273184
0.0003422876757783252
0.0019650254183656143
0.0014058882706707943
0.00159826331168473
0.0017021844135564207
0.0026912115350115296
0.0026216751376372913
0.0023815919663065254
0.0017218851315718806
0.0007980613066347215
0.0009128689166738265
0.0010919267198615423
0.0016665266780071073
0.0027180497254351565
0.0025566532781196396
0.0014807692030937417
0.0006600088644240883
0.0012882493584826231
0.0006384594949951525
0.0011937609386788038
0.0014209787139069104
0.0014164673379963419
0.0009581420146436968
0.00036992425050999837
0.0008524918168444308
0.0004353741507296387
0.00024579736574652824
0.0012382948229148999
0.0012671659087788063
0.0005959486419783436
0.0002795331243726818
0.0010729751856420678
0.0010131517837725019
0.0012146880623272243
8.599962825126191e-05
0.0011238968458641085
0.000673076747245025
0.001474339473182719
0.0008415824991425042
0.0006400003176599902
0.00047637179177667814
0.0011268462712800162
0.0004172089231196658
0.0012152039960504446
0.0010309272074157606
0.0004701303661129857
0.001653083337623133
0.001684619402839696
0.0012452709511852676
0.000754882191223576
0.0018917705675042592
0.001074188369558805
0.0010003298793055263
0.0007912834161658698
0.0016821096009374719
0.00037772886445821717
0.0016200133526981825
0.00029963725720163104
0.00025415371988468855
0.0012542255197558164
0.0009531643248375647
0.0013994014945037144
0.0004354874122020971
0.001570271195743454
0.0008289934168951632
0.00107875412460763
0.0005739250107304624
0.0009458124989545554
0.0005660021649026178
0.0007221469545062361
0.0004371272458444345
0.0008027705883693932
0.0007519140880524907
0.0008577248355562481
0.0005321134084189532
0.0014129047918038388
0.0013504001509983192
0.0003685264341382244
0.0007707707588131939
4.1117150535512474e-05
0.0007797426737676959
0.00019441597547102758
0.0004305744784811744
0.00039465823186727043
0.0006215035409419618
0.00043966965393443276
0.0008535910136263055
0.0005057059073301887
0.0006276536515353713
0.0003744450955686042
0.00015799155916869872
0.0007396985863149853
0.00035292600301843515
0.0005044980175866773
0.0012302866708693535
0.0003264864537186629
0.0006205128869028912
0.00149216106603247
0.0003608790150852974
0.0006426153816972196
0.00042844685293220406
0.0005410539898065768
0.00016009322217886262
0.0007099031433384772
0.0003027099082132881
0.00018217717596152362
0.0005724104497132673
0.00033782657949297325
0.000612931401459326
0.0007206157997657605
0.0008488775027256231
0.0006642211983406252
0.0007096380266880123
0.0007212575094654148
0.000500824112398553
0.00038082377194801985
0.0005927079484900009
3.769663500779952e-05
0.00012098433600064824
0.00036861362650054876
0.00016659299259949247
0.0002333237856727705
0.00019012384407757858
0.00014387314855120726
0.00041810473643644257
0.00031936140159564784
0.00019910103649976095
0.00023405156040020374
0.00046700584870759936
0.00013702433799265903
0.0006554390794517229
0.0002722864159086631
0.0002895961410422509
0.00011547243988379804
0.00033461628566177747
0.00022785818193486398
0.0002703561633303448
0.0005129976688279979
0.00039481631837178226
0.00031668971116142325
0.0003455140308198678
0.0003820192647204199
0.00017340763252929027
0.0002821602918319201
0.0002801174582837416
0.00028695063676981565
0.00017046071924473454
0.0003444655965327382
7.575017460520177e-05
0.00025067355625641336
0.00013801931121251593
9.031175827766997e-05
2.7175995479648617e-05
0.00012177003804610264
5.2475394256994105e-05
0.0001246115850039518
8.953991824159009e-05
0.00011713502820386456
9.060960086155047e-05
8.179182286293734e-05
3.116917626045228e-05
5.070035587134564e-05
0.0001328803263892365
5.64587235584279e-05
0.00010289877796545795
3.4756089337772454e-05
7.344293425372831e-05
5.797969408740533e-05
0.00013370747033912065
5.2549627116688787e-05
0.0001460941157508024
8.522164619457151e-05
2.0333644806555027e-05
3.101011709697964e-05
4.7618581745793136e-05
7.027471566831157e-05
4.758038170589827e-05
3.392964337060896e-05
5.44784563866635e-05
7.473459559067036e-05
1.7866669262263818e-05
4.8212715861610304e-05
4.032527558687385e-05
1.1532973347987768e-05
2.9633508805504923e-05
4.9274205900778764e-05
2.0164334541835127e-05
3.834093998751707e-05
1.5058251591969174e-05
1.6264185882754968e-05
1.4367164706210945e-05
1.838726190069576e-05
3.4364219267129855e-05
2.013543880685831e-05
4.897037446053324e-05
5.045768066544465e-05
1.847995449470782e-05
2.405958720020423e-05
3.6269270573841694e-05
1.2390021950533093e-05
9.825395017706748e-06
1.6409611777889678e-05
1.4502906871748684e-05
2.751076501383596e-05
1.3693897057131059e-05
3.178913362450899e-05
2.470250672823064e-05
3.168704670659662e-05
4.621951784874199e-06
3.0260322976838313e-05
4.7165520688742455e-05
5.453382100268763e-06
6.958964373538796e-06
1.846733619015316e-05
4.391839998988743e-06
7.310813006259974e-07
1.5068158030179628e-06
2.715587440533903e-06
6.817834862865681e-07
1.6864959272007787e-07
5.426415081418476e-07
5.126981879843486e-07
4.808659897940148e-07
4.0883992313405116e-07
2.2684357817301164e-07
3.4750721985505804e-07
2.0841528134750757e-07
3.205960122214927e-07
2.1704791315786683e-07
3.8713705996719e-07
5.188840009745565e-07
3.828729623220094e-07
3.3927146162743335e-07
2.5088793078991005e-07
3.6367276472522383e-07
3.6419409784828726e-07
2.4775048661831213e-07
4.311394989343131e-07
2.7290120092850606e-07
2.6564764331640786e-07
2.14579866428223e-07
4.1331860114501644e-07
4.322738451497438e-07
5.181703570982475e-07
2.621008354198183e-07
2.3224803885540807e-07
3.1380610955557955e-07
3.3533179840894606e-07
3.3437867542593615e-07
2.986374419531903e-07
3.9417456927459124e-07
4.686705294194277e-07
4.6919029002901175e-07
1.289717378413724e-07
3.855107337812464e-07
1.8119097813648954e-07
3.7517653352091803e-07
2.1408118753514767e-07
3.310438784620028e-07
1.2468666417490262e-07
2.845433273102419e-07
3.701356896285579e-07
2.61572788171287e-07
2.9627942014429166e-07
2.1689577235625418e-07
1.5152084579105756e-07
3.499056455056908e-07
2.945231181551126e-07
2.610103156653273e-07
2.1675825757718855e-07
2.8657180139917547e-07
3.024440847231881e-07
1.959049414289785e-07
7.622483731878126e-08
1.7017226530578745e-07
3.364322413613074e-07
3.137944093483843e-07
3.9116084014678593e-07
1.7573868815346256e-07
3.853442472059115e-07
4.5348473479062847e-07
2.5449093207676844e-07
1.602809778157777e-07
4.3559087865249013e-07
2.703911307235055e-07
9.849826360022425e-08
2.930297708344429e-07
2.0091153213249606e-07
3.590292766494645e-07
2.3454623079596118e-07
2.0747139787932981e-07
2.8890383419663244e-07
1.6137283934722866e-07
3.343325168230309e-07
2.428359995137715e-07
2.4832395877030913e-07
3.3338521624390807e-07
1.4712190349353746e-07
3.3922622279119135e-07
1.873780740945969e-07
1.3142457111444617e-07
2.71961522958205e-07
1.8496290363570797e-07
2.9001875884102864e-07
3.955274808345347e-07
3.2772983165492784e-07
2.941126055668084e-07
4.0762308941072567e-07
2.521609148540629e-07
3.261016239190491e-07
2.995844741339137e-07
2.5587073620625204e-07
2.3197667436375242e-07
3.521723429429818e-07
1.6283600367762175e-07
1.6971334677438398e-07
8.747877973605518e-08
1.8011696945987742e-07
3.5219414912118256e-08
1.5458023075217178e-07
3.2389302226592713e-07
3.206903924868095e-07
4.0109663118046166e-07
3.3270920577058303e-07
1.3869802681716305e-07
2.974173150514141e-07
1.7578251149379425e-07
2.4236635838264776e-07
2.6292888235633126e-07
1.3340663928465472e-07
7.520217554750498e-08
2.8085643209955397e-07
1.637176393297036e-07
3.5001841659320314e-07
3.13951027726889e-07
1.1460577412116497e-07
1.567858896478331e-07
1.890975603476828e-07
2.3994055354148753e-07
2.0169650877068703e-07
2.466171996272116e-07
1.1865712104774047e-07
1.9453384389093993e-07
3.597427875424083e-07
2.601216014375509e-07
2.43201585550909e-07
1.5311913085723877e-07
2.3996361273712636e-07
2.872898094920218e-07
3.2871770655939473e-07
2.921607326764116e-07
3.0948469885944424e-07
2.3931143823019515e-07
2.3836873028634953e-07
1.7610183283177799e-07
1.6358481608996576e-07
1.6862431730088323e-07
1.084858461451144e-07
3.270957006038669e-07
2.6428199634959117e-07
2.3644293174635708e-07
8.353410368692454e-08
2.128716710200701e-07
1.2887553740482633e-07
4.058226647340861e-07
1.0836344526087904e-07
4.229678959770984e-08
7.686916387234582e-08
1.8775473058207792e-07
1.5181114525231092e-07
2.3400455050814612e-07
2.8452608913345816e-07
2.0083741679553828e-07
2.3197732890735603e-07
2.0279019582151774e-07
1.6201128159109585e-07
1.870125482517117e-07
3.85411862265975e-07
2.2511558474404993e-07
1.826483246850609e-07
1.7487887954511728e-08
1.6267487621134054e-07
1.1271992576096768e-07
3.427786472547546e-07
2.0548248820840582e-07
2.3125647718278944e-07
1.3136608833018864e-08
2.80188634391216e-07
1.8838200242292462e-07
9.045898982140938e-08
2.2782036105906943e-07
3.994648907195211e-07
2.706202183422194e-07
3.087259189646279e-07
2.963444440571034e-08
3.032711553633975e-07
5.1477003089673965e-08
1.902148892489865e-07
1.5843661913920714e-07
3.229161200089531e-07
2.079088929928366e-07
3.643481591125503e-07
2.609651146060462e-07
2.3562983675960158e-07
1.8009879175846847e-07
4.770857721627508e-07
2.0323376475153413e-07
2.484820073635857e-07
3.1880674305880455e-07
2.72797743099289e-07
9.987519801055218e-08
3.050276739780893e-07
2.589303678245178e-07
3.4847507058465313e-07
1.9957643095673135e-07
2.1841288355768558e-07
1.4237040352753543e-07
2.3253328376578563e-07
3.833029721781735e-07
1.863142682168787e-07
3.7104723537450546e-07
1.7403112702836834e-07
1.2796453381748777e-07
1.5348667704900985e-07
1.7126000037570328e-07
4.371912197393932e-07
7.434248359904334e-08
2.2987650310357475e-07
1.736960849512418e-07
2.5648748729938144e-07
1.2777305099900658e-07
2.42187961647244e-07
1.3905850163460083e-07
1.6297333628136686e-07
1.0703450732278355e-07
1.0340875049934523e-07
1.7387307864052838e-07
1.9427619149593638e-07
2.1572337847262837e-07
2.320190846120984e-07
2.0067499788052432e-07
2.032866893509646e-07
1.5775805078611886e-07
3.7774070461012625e-07
2.4227345535659685e-07
2.9323635962959384e-07
1.9797134743688303e-07
1.7691205585679024e-07
2.062905538248292e-07
2.8280401193339003e-07
3.1111776047156396e-07
3.279194582210489e-07
2.3165900715519925e-07
2.938803118206945e-07
2.19540619587822e-07
2.298037443563553e-07
3.934593947503652e-07
2.9761789368863315e-07
1.2837961691160716e-07
2.0717318538960856e-07
2.8366344113379254e-07
9.202122987834646e-08
1.8153071581734263e-07
9.743007855080292e-08
1.7017674209218725e-07
3.643138827543981e-07
2.9132923138652985e-07
2.4207019915320415e-07
9.18768670017848e-08
2.4621809725817e-07
3.8088052899373076e-07
3.4354455165283594e-07
1.9040220757962229e-07
2.5610111059618665e-07
3.3542148958675526e-07
2.521172199572534e-07
3.692348790759998e-07
3.911944613646307e-07
3.6771535561005446e-07
3.7309379755240664e-07
8.187483245203811e-08
9.140663230391931e-08
3.0280012387433966e-07
2.326311121444918e-07
3.960864832637854e-07
2.5459373229061387e-07
2.0038757638225192e-07
2.0127581090331207e-07
4.0486944331270115e-07
4.164582616691206e-07
2.27019700434077e-07
4.3649314791158495e-07
2.470722557831958e-07
3.5111548982840757e-07
2.314546120526383e-07
2.2859895290362987e-07
3.591016293223216e-07
3.032523626907031e-07
4.3871554435024366e-07
2.290107547346592e-07
3.2211079498821035e-07
1.7164793346036968e-07
3.061345265193955e-07
3.217492147317784e-07
3.1641412321794564e-07
3.2392356351640503e-07
3.771328172816521e-07
2.672673524870202e-07
3.967537661833888e-07
2.539399371234021e-07
4.147892931091562e-07
4.284308300812753e-07
4.110676138224248e-07
3.101291144497053e-07
2.1786596535882495e-07
3.3204828200720944e-07
4.0067237884970195e-07
3.6431663962817113e-07
3.1099359638833774e-07
3.264003506162175e-07
5.029917826351878e-07
6.756572910126271e-07
3.767370136701246e-07
1.827338612151316e-06
1.7599575565064032e-06
2.7449773197583566e-06
6.018541665591835e-06
2.1037892364216316e-05
2.462757151654881e-05
5.667725091518621e-06
2.6432301904975998e-05
2.8986100186471847e-05
3.2242893756828983e-05
2.7351551355003658e-05
2.469446394217046e-05
2.649670603084509e-05
6.632111230160653e-06
3.691328324210526e-05
2.0020251425922076e-05
1.8491510542783312e-05
1.6212643147937007e-05
2.1234394845580257e-05
2.0064930874415497e-05
2.1959896374819843e-05
5.5420234429138585e-05
6.464931281484828e-05
5.015244257506756e-05
3.524858791459485e-05
1.3772996635876659e-05
4.326764538100624e-05
1.882150656187864e-05
1.6596604634477213e-05
3.8990612700827456e-05
3.999533612710099e-05
3.851990593242153e-05
6.437345287438815e-06
0.00012497582138866692
4.164217812463899e-06
5.261843730038634e-05
3.9723963469880394e-05
7.913756954830629e-05
5.8531532124652704e-05
1.59261478812895e-05
6.275000877662024e-05
2.626511349854667e-05
3.901468041871189e-05
5.538099565523224e-05
5.578808417010379e-05
4.198606462378989e-05
9.977578417398684e-05
5.005455533278796e-05
3.756796137797866e-05
4.503673619872481e-05
2.6689665453958527e-05
3.233807761772256e-05
6.093830812567882e-05
9.325471821117938e-05
2.805487405374418e-05
0.00010214907500852045
0.00010928936830076092
9.99571224934592e-05
4.592004868311244e-05
0.00020474796517811738
8.243067460988955e-05
0.00014185573516327762
6.048747970423122e-05
0.00014435482004271458
0.0001741441761496171
0.0001340680077268469
5.905726966063943e-05
0.00023720213983857862
0.0003699577212204629
0.00016137407797525957
0.0001306602485684914
0.00018000110791709445
0.0003000977959091079
6.804187781985541e-05
0.00016894950781720604
0.00015594262008317386
0.0001660005393282207
0.0004534932859592593
6.760520072121253e-05
0.0002144263504349565
0.00038856770900000414
0.0003700606710796771
0.00019959583062915202
0.00035295846033664636
0.00020437060375767008
0.0003327700375056296
0.00040091765007330837
0.0005060225582750828
0.00018303574279851658
0.0003287547782079929
0.0003999793568848764
0.00015889793028683974
0.00030709022114846796
0.00012484527397378049
0.0004987134227155586
0.0004510493345827964
0.00010919170642413424
0.00018373036246847952
0.000200498621156877
0.0008653316068943356
0.0003296629242903698
0.000630848016154351
0.00015140209244308964
0.0007411206971575994
0.0012998384170659627
0.0006411875750755493
0.0004154146134028088
0.00044367164335722435
0.00036213451834187985
0.0007193057959820877
0.00028171559197213443
0.00046530226124192253
0.0007634310176919259
0.00030085732637444784
0.0003004056317404793
0.0004566607535454147
0.0008197930990161594
0.0009079108100285116
0.0006447457752211264
0.00032715825249310344
0.0015238234191154222
0.0002734452727618272
0.0003372156983656262
0.0007457963435127695
0.0005471776703852852
0.0003806733294426453
0.0004043149889529024
0.0005161109173621371
0.0004933125252277601
0.0006397234404196628
0.0011538344607737933
0.0010211128287899887
0.00043283513065361457
0.0006518064699123716
0.0006100719077299685
0.00021383851842128582
0.0007625579458200592
0.0007946892323411486
0.0003291453482575017
0.0007598441974164237
0.0011700736183877906
0.0008899271310969165
0.0008426402403235853
0.0006527340550263803
0.0015743539514680382
0.0003997034352931914
0.0011963902915610675
0.0006914454904106636
0.0012158180904400105
0.0011730911281838524
0.0007522826589661202
0.0005278455859914349
0.0005532825469656297
0.0004654920959765519
0.0014141925227502679
0.0015218915991705101
0.0006966644962508635
0.00045719549684706797
0.001416841262749171
0.00015822985289397
0.0004530835910982347
0.0008315664432947766
0.0007789850458473781
0.0005993194368673172
0.0006046790787235655
0.0008080153232216901
0.001571090263452133
0.0015009248467009277
0.002106012089325419
0.0018861221154051094
0.0007045461731048207
0.0006304346260034915
0.0012828622031166045
0.0016474904801297436
0.0006406658293283717
0.00017723953366408185
0.0003529764467943406
0.00028427764900238335
0.0009547212126041508
9.989155715237738e-05
0.0011918286887532754
0.0016173769357648994
0.0007666785972676904
0.0004716169774024415
0.0017149035936021085
0.0012939436713142749
0.0015934736236489356
0.0007413374152726925
0.00034380528464554946
0.0008417548786426766
0.001125131340076657
0.0006143787554269033
0.0005224417151566555
0.0008345907488357218
0.0018046327472413136
0.0024529356872312613
0.0016016848881386838
0.0011667295041467509
0.001682402633390265
0.0009160359984383782
0.001048268530813887
0.0017110102479116597
0.0015151232585045465
0.001296146068749709
0.0013890217847448234
0.0025777423284249167
0.0014389382790734686
0.0006895296273850076
0.0025724954767114795
0.0016111227517995367
0.0008758533785101535
0.0029123263643908077
0.0017018061612031983
0.000867955578033255
0.0008165650922353284
0.0018780355794694647
0.0009361780137236615
0.0007582748139634656
0.0008335511387036229
0.0010420552025672202
0.0026768209569401555
0.0016553161542759852
0.0008168184048963653
0.0015426016864216554
0.001209922570031901
0.0019228721312313146
0.0022604233833138786
0.00013298196920836586
0.0018545959284881719
0.0008474603617435978
0.002005140118775331
0.0020955991533114044
0.0005725552096899119
0.0007927658113997398
0.00016903949696427697
0.001261899610817729
0.0022241427156121326
0.0011958878491682794
0.0009202685004407853
0.00252432900348081
0.002003087902854106
0.00039417614798182947
0.0005683676172436106
0.0024573442558138313
0.00085852718923991
0.001985222772046002
0.0005612277592929265
0.0020690787813169935
0.0008494088624857645
0.0008432233415249046
0.0005497758821220353
0.001520294650124798
0.0020458697810943434
0.0005699599037690815
0.001440960660428324
0.0015318448637632943
0.002085218322257657
0.0019293230204184097
0.0017078490806470177
0.0009549669207085917
0.0008051541549810484
0.0011126514092998831
0.00016819746523485195
0.0014670355017321474
0.0012404559953916778
0.0021027599712486298
0.0005015311027627436
0.0007189075246706787
0.0016916542699636414
0.0009315982897719953
0.0010143755649276631
0.00010604744869737581
0.0005530693217664175
0.0007699000665075895
0.006418717588284829
0.0021838020362366737
0.0037571511186353422
0.0018808014487674877
0.0033802496438403514
0.0038388452882407898
0.001871304018335588
0.0014103091999272347
0.002053668301863698
0.0010212340800132883
0.0007848711944773608
0.000705371132686071
0.002129685049019013
0.0005543347913797875
0.0013336498927584532
0.0011448363989462358
0.0015134650167646653
0.0010517327505881193
0.0006430416110360196
0.0028284076467352064
0.0014473042043293331
0.0008385189609449798
0.0016418947252709519
0.0011940265133436668
0.0015763752439579204
0.0010166306763659337
0.0005489734282960105
0.0008327698852374097
0.00516454017011001
0.0026754256769272442
0.0011579277387117315
0.0008173934784902418
0.0021638676206777677
0.0029857596808431264
0.0011843778228343572
0.0013625511025694003
0.0004098862970357164
0.0016664539957888446
0.0022196593804106384
0.0012886906468826224
0.0023242807307464544
0.003935272549533823
0.0001714807531593189
0.0039907055869410485
0.0009828963831572596
0.0014930407623217608
0.0013828694489934454
0.0015101519719984725
0.0008200061901553785
0.0012825907109720147
0.002937953855947207
0.0027540658346473876
0.0012093999976246594
0.0006325489800003279
0.0002245322385546872
0.009924798453319868
0.0023554229922296732
0.0016965722671387765
0.00580471114544651
0.004005054093654219
0.0028338870571460954
0.005900833171593647
0.007128267478225
0.002177827984388969
0.014354143437303268
0.006684082173290613
0.004850765084889655
0.016167738035400153
0.014531401019471283
0.004932103111072555
0.018761878951080842
0.015654642381504654
0.010619400685459824
