0.0007634991591835647
0.0033062213634263865
0.022982560662545906
0.013340318879594764
0.03469247603373439
0.0657447869887208
0.017875492342495126
0.0015580890315685851
0.0015706398451668419
0.0024898270865691963
0.026500558379397823
0.007741963314814187
0.0071716239566463535
0.009793882220899776
0.0036165934529788332
0.005117956700369646
0.0032068042341545934
0.03308555237073673
0.0030041369035180743
0.0010737106659146523
0.0030320560768737036
0.006373246778341608
0.0077747853231338055
0.003429180312656502
0.004588769743278021
0.00367499294199858
0.006252693855869792
0.019295832775185855
0.004264278413933684
0.0008930677426188328
0.009613128176553673
0.000638527232631236
0.0001367141740190939
0.002134588694096081
0.00940950744271238
0.0012732503997124585
0.0006121842322711865
0.0002590164436032827
0.0004615745117175159
0.0011206785585956766
0.002187645779609387
0.0017488730686420313
0.0008073030070196889
0.0007582234093276815
0.0018575638968078916
0.0014253796248557468
0.0021986935762682994
0.0017814322966430143
0.00452762136360607
0.0008437950551274765
0.002066827401112549
0.0009313930177531653
0.0018263588687660861
0.001169778718646694
0.0028563832015075755
0.0015297243676320707
0.0005625967715383938
0.0003151062580845302
0.0007927440671264802
0.0010381699508750584
0.0023232649126559033
0.0012263315450060522
0.0007481460407831626
0.00034121979002674365
0.0016850625542186074
0.001198136348525856
0.006109928831575416
0.0012057524734350243
0.001311512824350342
0.0011215737784278478
0.002128332403762758
0.0008710443903932865
0.0009703996828525987
0.0015859587400644235
0.001123112994672844
0.0006468409356178883
0.0005518618942855125
0.0010641715441287824
0.00031940512915779295
0.000614992201925441
0.002225138819281373
0.0005310242025381444
0.00035204832279188045
0.0008891185780490623
0.0012709258520337157
0.0019148186546174783
0.0012470266952790488
0.0004158040227735526
0.0004766813996236297
0.0011331413972868077
0.0025640604005627236
0.0005020937044690726
0.0011833920799179183
0.0004696581746589512
0.0004006170469238714
0.0011059153722642822
0.0016859601327775956
6.396897985335112e-05
0.0005606319329882566
0.000436008104244052
0.00026769509163663565
0.00045577715321483056
0.0001965623478518741
0.0005726251246252738
0.00023702660348812096
0.000330582395324322
0.00028722929069481166
0.00013168695868384065
0.00031781895156892195
0.0002575669890137075
0.0004366034667103942
0.00019997521164960626
0.00020493557637069277
1.4367075717023192e-05
5.3763344639695803e-05
0.00011478633578610752
0.000243835410091029
0.00022567785035657175
0.0003280226078312548
0.00014038678857611786
0.0002850693314431985
8.852422608867016e-05
0.0003143087961312701
0.0005128563811733984
0.00028254804354901794
0.0003055954280290145
0.00036078802655587226
0.0001133859545783503
0.00018302129149127503
0.0005318671768932995
0.0002550277358355983
0.00026959839659982125
0.00010035131675710786
0.00016280113086635835
0.00015209579619704695
0.00039290392174214
5.23161438709154e-05
0.0003145061950950231
0.0002441622235772529
0.00016532641648821147
0.0003675261781014101
0.00018298932383679635
0.00022995957507882935
0.00034539679979987497
9.950532913169659e-06
9.516990201828524e-05
0.00016847688797149254
0.00036722214140868094
0.0006083714681498733
0.0004093201062021636
0.0004072384558981157
0.00035561314711529625
0.0006760256431534309
0.0008201156416448973
0.0011241351323855822
0.0005892231542594816
0.0019376399367945305
0.00037446353212215527
0.0009311386596033626
0.0003993679802480466
0.0006320426398099443
0.0004919480405794672
0.00020512594257576753
0.0004717712087814269
0.0002500469296639696
0.00031621030728212426
0.0009579279705652996
0.0007772153481207112
0.0002795109051842371
0.0003124756498239981
0.00018388021168397065
0.0003700341051264276
0.0006200086478458092
0.00010204288004220122
0.000512958012207533
0.0005327159455820668
0.0003176944210634796
0.0002230379875821369
0.00048417281556932296
0.0007186687810179656
0.0006165559774730331
0.0005146342556885704
0.0005920353127222539
0.000506449442710097
0.0009454081775180412
0.0013713371168155508
0.0006032600040078172
0.0004725398262507498
0.001047752267236879
0.00031602961670040955
0.0005378592611205822
0.0003674362854131254
0.0003030053929453956
0.0004438132629595864
0.0006472274281268839
0.0002940634603118173
0.000636742693628182
0.00042740146134727836
0.00020748150232330947
0.0005937892950499123
0.0008432453295434026
0.000587130985950192
0.0005935967143364744
0.001172986783689052
0.0006341692171699763
0.0004416796776618066
0.0007669073680533833
0.00033689760832746876
0.0003081423573029698
0.0002608423708263237
0.0005727707640754611
0.00042945416199362485
6.106976946700877e-05
0.00019054761085941037
0.00025991277971271475
0.00017124341530032645
0.00020426185280530488
0.00025904157557185857
0.0001841356366433447
0.00022423689135506148
0.0002575944091864475
0.0004337311747969573
0.000343238576082636
0.00043056491021478574
0.000872885583871587
0.00029975016568544165
0.0002394280640028368
0.00018947756512498757
0.0002788393947038238
0.0006126812433503192
0.00045124440306443253
0.0004550290337574192
0.00017132218455910564
0.00029516530745421596
0.0002575253864729468
0.00012743833027086598
0.00030819583640007045
0.0001028223690314025
0.00035413352730643427
0.0002016854384025118
0.00017011956982766632
0.00015840611576883
0.000250159866679658
8.911726273926401e-05
8.196474953536608e-05
0.0001918574922165954
0.00025892226660915226
0.00015040468570050715
0.00038208158073491403
0.00017942722539109285
0.00016733888840703262
8.025483307882184e-05
0.00023386142042326627
4.4913514741313845e-05
0.00020679532353246448
0.00016413151642111323
2.8081930487640203e-05
6.058533662878649e-05
0.0001921520125956989
8.184524336537093e-05
0.00014046755641754016
0.0001717343867728575
0.0001019281481950455
6.150871514732142e-05
0.00025510641597483174
1.6769493384981533e-05
0.0001875238704392449
0.00013704723307571856
9.97097602787629e-05
0.0001920409619723426
0.00021524377488647424
0.00018692381710000455
0.0001743236704888788
9.358570711596347e-05
0.0003025553201426045
0.00014107940596931083
0.00014603300905787216
0.00021512220318257704
0.00010319352634424777
2.3229110608770448e-05
0.00017712971351117513
0.00023794804123328494
0.00019491669766202746
0.00017166816889193696
0.0002680458309302627
0.00018692440675817268
0.00032020100454649864
0.00021242315105708573
0.0001655037489599337
0.00020947474665261606
0.00027039328971423504
0.0002659220234931493
0.00010583819497662401
0.00016152061929515917
0.0003741765598142059
0.0003810575398050654
0.0002868039144151074
0.00021958442803796075
0.00020051529319698027
0.0002924307522936369
0.00028369425588337143
0.00028435306132233837
0.00021736081407393933
0.00020384872387221002
0.00011912537787689161
0.00014479119160962304
9.144095186608048e-05
5.141685172667243e-05
0.00017450819186018673
0.000158392879456264
0.00016903493074592853
8.819717144999546e-05
0.00010956902264701986
9.650018945628568e-05
0.00011483609674139198
0.0001331121478922696
0.0001081606364183508
0.00010368470455781979
0.00023230122537151637
8.738393546482056e-05
5.3284424653900186e-05
0.0001866727346489744
0.00014050772962919295
3.014226048505441e-05
4.321635501154864e-05
0.00011281596619206224
9.213896599971326e-05
0.00012628430143645568
0.00017113598150250592
8.750218634354258e-05
8.811014868425831e-05
5.603908009904787e-05
1.677516860613561e-05
9.123628172745387e-05
0.00013859975543049468
6.147906731779659e-05
0.00016276009210005552
0.00010771479022569062
1.7110737235827217e-05
0.00021839027288676023
0.00011438745012446495
0.0002577000193731872
6.331119415712062e-05
3.1075969885761523e-05
8.767776474251895e-05
4.7934482309009224e-05
1.3835288243464008e-05
1.1924060660360982e-05
1.092829089302703e-05
3.7116671401595177e-06
3.2246993581902565e-06
3.47478817224472e-06
4.1451926327177004e-06
3.5256300118803818e-06
3.6629722945420016e-06
3.318652848948879e-06
3.0092971474258264e-06
3.2042209433005222e-06
3.1929993592029572e-06
3.347840128899872e-06
3.106845858243296e-06
3.1236495194559555e-06
3.275043126587913e-06
3.1216986618687774e-06
3.106601276906279e-06
3.0229540817178688e-06
2.8730290607025764e-06
2.9778282783436874e-06
2.9529210789399607e-06
2.874794710741278e-06
2.8110882072211385e-06
2.9245392752364386e-06
2.7376181150225637e-06
2.676726510752727e-06
2.5930913845775095e-06
2.6303377115749394e-06
2.881023452700063e-06
2.8212356770898417e-06
2.632554066822477e-06
2.616366349390268e-06
2.4906052528719327e-06
2.5009203896731403e-06
2.3961618179477955e-06
2.618371356474803e-06
2.3428119993056208e-06
2.8138899741335865e-06
2.546098174013545e-06
2.686631987444414e-06
2.6177993813589445e-06
2.3436760631939716e-06
2.612130750251003e-06
2.4751809140944383e-06
2.275347276791126e-06
2.4346054012382733e-06
2.1576774261279504e-06
2.7484950011285474e-06
2.2992468211096826e-06
2.388072294841957e-06
2.4745197896332006e-06
2.3607484265882015e-06
2.3561081684330276e-06
2.4401798301312654e-06
2.3208636119749395e-06
2.4528414590010213e-06
2.524499419372015e-06
2.3533798487999616e-06
2.2546531083161634e-06
2.3918476648275887e-06
2.592654578558175e-06
2.1438145712859386e-06
2.32378634734408e-06
2.0547686863614183e-06
2.3067826798071293e-06
2.110511149921322e-06
2.309485683704293e-06
2.4127007276518173e-06
2.132303718719029e-06
2.0601854126471702e-06
2.6243077283270565e-06
2.2324437856089014e-06
2.444654271379816e-06
2.4877622671616047e-06
2.118030914483666e-06
2.078918046749379e-06
2.3943266588292508e-06
2.4260914204412175e-06
2.4190189260542714e-06
2.0621280301474434e-06
2.079962667294964e-06
2.2322308269298975e-06
2.369373278413963e-06
2.277091758362541e-06
2.331495676446133e-06
2.0735401037992497e-06
2.175931610678553e-06
2.337533629311617e-06
2.2732447731201535e-06
2.1424294071140353e-06
2.0700570939242192e-06
1.957593348066407e-06
2.1345246160666636e-06
2.149651701635407e-06
2.2035312808642876e-06
2.1901274349116033e-06
1.979306201340285e-06
1.9687631588558955e-06
2.085129417174924e-06
2.32767749319358e-06
2.076527008657638e-06
2.0034438360210496e-06
2.008543466803098e-06
2.001771738117125e-06
2.34307904951427e-06
2.0026422975153934e-06
2.096391276965732e-06
1.881720782531882e-06
2.140390662998589e-06
2.121921753996223e-06
2.3185977353383707e-06
2.3125627735310465e-06
2.0437184535806368e-06
2.1598321473229257e-06
1.723360051554393e-06
2.0417615347869157e-06
1.908226582658501e-06
2.0555990417117055e-06
2.370889996083606e-06
2.0821077993260716e-06
1.8405732416859726e-06
2.130810681061652e-06
1.921672100876757e-06
2.08340766045003e-06
1.956281986804214e-06
2.1506310447538514e-06
2.011900852229096e-06
2.020058947324547e-06
2.019726102899692e-06
2.0839524203583276e-06
2.0543418498721327e-06
2.1646821351362163e-06
2.057491167567918e-06
1.9923072270084327e-06
2.0688152506846267e-06
2.0670296706490844e-06
2.0385353714920395e-06
2.0862934619403444e-06
1.985695717604308e-06
2.4423864174092777e-06
2.0742003466236383e-06
2.0849430153052122e-06
1.9461285016450256e-06
1.984982356335256e-06
2.0175719398669847e-06
1.959697820295267e-06
2.196079966939352e-06
1.9403065063999194e-06
1.9446060800526317e-06
2.0103570259499056e-06
1.8548840067626863e-06
2.085267328532174e-06
1.7604447034815687e-06
2.085267328532174e-06
1.8548840067626863e-06
2.0103570259499056e-06
1.9446060800526317e-06
1.9403065063999194e-06
2.196079966939352e-06
1.959697820295267e-06
2.0175719398669847e-06
1.984982356335256e-06
1.9461285016450256e-06
2.0849430153052122e-06
2.0742003466236383e-06
2.4423864174092777e-06
1.985695717604308e-06
2.0862934619403444e-06
2.0385353714920395e-06
2.0670296706490844e-06
2.0688152506846267e-06
1.9923072270084327e-06
2.057491167567918e-06
2.1646821351362163e-06
2.0543418498721327e-06
2.0839524203583276e-06
2.019726102899692e-06
2.020058947324547e-06
2.011900852229096e-06
2.1506310447538514e-06
1.956281986804214e-06
2.08340766045003e-06
1.921672100876757e-06
2.130810681061652e-06
1.8405732416859726e-06
2.0821077993260716e-06
2.370889996083606e-06
2.0555990417117055e-06
1.908226582658501e-06
2.0417615347869157e-06
1.723360051554393e-06
2.1598321473229257e-06
2.0437184535806368e-06
2.3125627735310465e-06
2.3185977353383707e-06
2.121921753996223e-06
2.140390662998589e-06
1.881720782531882e-06
2.096391276965732e-06
2.0026422975153934e-06
2.34307904951427e-06
2.001771738117125e-06
2.008543466803098e-06
2.0034438360210496e-06
2.076527008657638e-06
2.32767749319358e-06
2.085129417174924e-06
1.9687631588558955e-06
1.979306201340285e-06
2.1901274349116033e-06
2.2035312808642876e-06
2.149651701635407e-06
2.1345246160666636e-06
1.957593348066407e-06
2.0700570939242192e-06
2.1424294071140353e-06
2.2732447731201535e-06
2.337533629311617e-06
2.175931610678553e-06
2.0735401037992497e-06
2.331495676446133e-06
2.277091758362541e-06
2.369373278413963e-06
2.2322308269298975e-06
2.079962667294964e-06
2.0621280301474434e-06
2.4190189260542714e-06
2.4260914204412175e-06
2.3943266588292508e-06
2.078918046749379e-06
2.118030914483666e-06
2.4877622671616047e-06
2.444654271379816e-06
2.2324437856089014e-06
2.6243077283270565e-06
2.0601854126471702e-06
2.132303718719029e-06
2.4127007276518173e-06
2.309485683704293e-06
2.110511149921322e-06
2.3067826798071293e-06
2.0547686863614183e-06
2.32378634734408e-06
2.1438145712859386e-06
2.592654578558175e-06
2.3918476648275887e-06
2.2546531083161634e-06
2.3533798487999616e-06
2.524499419372015e-06
2.4528414590010213e-06
2.3208636119749395e-06
2.4401798301312654e-06
2.3561081684330276e-06
2.3607484265882015e-06
2.4745197896332006e-06
2.388072294841957e-06
2.2992468211096826e-06
2.7484950011285474e-06
2.1576774261279504e-06
2.4346054012382733e-06
2.275347276791126e-06
2.4751809140944383e-06
2.612130750251003e-06
2.3436760631939716e-06
2.6177993813589445e-06
2.686631987444414e-06
2.546098174013545e-06
2.8138899741335865e-06
2.3428119993056208e-06
2.618371356474803e-06
2.3961618179477955e-06
2.5009203896731403e-06
2.4906052528719327e-06
2.616366349390268e-06
2.632554066822477e-06
2.8212356770898417e-06
2.881023452700063e-06
2.6303377115749394e-06
2.5930913845775095e-06
2.676726510752727e-06
2.7376181150225637e-06
2.9245392752364386e-06
2.8110882072211385e-06
2.874794710741278e-06
2.9529210789399607e-06
2.9778282783436874e-06
2.8730290607025764e-06
3.0229540817178688e-06
3.106601276906279e-06
3.1216986618687774e-06
3.275043126587913e-06
3.1236495194559555e-06
3.106845858243296e-06
3.347840128899872e-06
3.1929993592029572e-06
3.2042209433005222e-06
3.0092971474258264e-06
3.318652848948879e-06
3.6629722945420016e-06
3.5256300118803818e-06
4.1451926327177004e-06
3.47478817224472e-06
3.2246993581902565e-06
3.7116671401595177e-06
1.092829089302703e-05
1.1924060660360982e-05
1.3835288243464008e-05
4.7934482309009224e-05
8.767776474251895e-05
3.1075969885761523e-05
6.331119415712062e-05
0.0002577000193731872
0.00011438745012446495
0.00021839027288676023
1.7110737235827217e-05
0.00010771479022569062
0.00016276009210005552
6.147906731779659e-05
0.00013859975543049468
9.123628172745387e-05
1.677516860613561e-05
5.603908009904787e-05
8.811014868425831e-05
8.750218634354258e-05
0.00017113598150250592
0.00012628430143645568
9.213896599971326e-05
0.00011281596619206224
4.321635501154864e-05
3.014226048505441e-05
0.00014050772962919295
0.0001866727346489744
5.3284424653900186e-05
8.738393546482056e-05
0.00023230122537151637
0.00010368470455781979
0.0001081606364183508
0.0001331121478922696
0.00011483609674139198
9.650018945628568e-05
0.00010956902264701986
8.819717144999546e-05
0.00016903493074592853
0.000158392879456264
0.00017450819186018673
5.141685172667243e-05
9.144095186608048e-05
0.00014479119160962304
0.00011912537787689161
0.00020384872387221002
0.00021736081407393933
0.00028435306132233837
0.00028369425588337143
0.0002924307522936369
0.00020051529319698027
0.00021958442803796075
0.0002868039144151074
0.0003810575398050654
0.0003741765598142059
0.00016152061929515917
0.00010583819497662401
0.0002659220234931493
0.00027039328971423504
0.00020947474665261606
0.0001655037489599337
0.00021242315105708573
0.00032020100454649864
0.00018692440675817268
0.0002680458309302627
0.00017166816889193696
0.00019491669766202746
0.00023794804123328494
0.00017712971351117513
2.3229110608770448e-05
0.00010319352634424777
0.00021512220318257704
0.00014603300905787216
0.00014107940596931083
0.0003025553201426045
9.358570711596347e-05
0.0001743236704888788
0.00018692381710000455
0.00021524377488647424
0.0001920409619723426
9.97097602787629e-05
0.00013704723307571856
0.0001875238704392449
1.6769493384981533e-05
0.00025510641597483174
6.150871514732142e-05
0.0001019281481950455
0.0001717343867728575
0.00014046755641754016
8.184524336537093e-05
0.0001921520125956989
6.058533662878649e-05
2.8081930487640203e-05
0.00016413151642111323
0.00020679532353246448
4.4913514741313845e-05
0.00023386142042326627
8.025483307882184e-05
0.00016733888840703262
0.00017942722539109285
0.00038208158073491403
0.00015040468570050715
0.00025892226660915226
0.0001918574922165954
8.196474953536608e-05
8.911726273926401e-05
0.000250159866679658
0.00015840611576883
0.00017011956982766632
0.0002016854384025118
0.00035413352730643427
0.0001028223690314025
0.00030819583640007045
0.00012743833027086598
0.0002575253864729468
0.00029516530745421596
0.00017132218455910564
0.0004550290337574192
0.00045124440306443253
0.0006126812433503192
0.0002788393947038238
0.00018947756512498757
0.0002394280640028368
0.00029975016568544165
0.000872885583871587
0.00043056491021478574
0.000343238576082636
0.0004337311747969573
0.0002575944091864475
0.00022423689135506148
0.0001841356366433447
0.00025904157557185857
0.00020426185280530488
0.00017124341530032645
0.00025991277971271475
0.00019054761085941037
6.106976946700877e-05
0.00042945416199362485
0.0005727707640754611
0.0002608423708263237
0.0003081423573029698
0.00033689760832746876
0.0007669073680533833
0.0004416796776618066
0.0006341692171699763
0.001172986783689052
0.0005935967143364744
0.000587130985950192
0.0008432453295434026
0.0005937892950499123
0.00020748150232330947
0.00042740146134727836
0.000636742693628182
0.0002940634603118173
0.0006472274281268839
0.0004438132629595864
0.0003030053929453956
0.0003674362854131254
0.0005378592611205822
0.00031602961670040955
0.001047752267236879
0.0004725398262507498
0.0006032600040078172
0.0013713371168155508
0.0009454081775180412
0.000506449442710097
0.0005920353127222539
0.0005146342556885704
0.0006165559774730331
0.0007186687810179656
0.00048417281556932296
0.0002230379875821369
0.0003176944210634796
0.0005327159455820668
0.000512958012207533
0.00010204288004220122
0.0006200086478458092
0.0003700341051264276
0.00018388021168397065
0.0003124756498239981
0.0002795109051842371
0.0007772153481207112
0.0009579279705652996
0.00031621030728212426
0.0002500469296639696
0.0004717712087814269
0.00020512594257576753
0.0004919480405794672
0.0006320426398099443
0.0003993679802480466
0.0009311386596033626
0.00037446353212215527
0.0019376399367945305
0.0005892231542594816
0.0011241351323855822
0.0008201156416448973
0.0006760256431534309
0.00035561314711529625
0.0004072384558981157
0.0004093201062021636
0.0006083714681498733
0.00036722214140868094
0.00016847688797149254
9.516990201828524e-05
9.950532913169659e-06
0.00034539679979987497
0.00022995957507882935
0.00018298932383679635
0.0003675261781014101
0.00016532641648821147
0.0002441622235772529
0.0003145061950950231
5.23161438709154e-05
0.00039290392174214
0.00015209579619704695
0.00016280113086635835
0.00010035131675710786
0.00026959839659982125
0.0002550277358355983
0.0005318671768932995
0.00018302129149127503
0.0001133859545783503
0.00036078802655587226
0.0003055954280290145
0.00028254804354901794
0.0005128563811733984
0.0003143087961312701
8.852422608867016e-05
0.0002850693314431985
0.00014038678857611786
0.0003280226078312548
0.00022567785035657175
0.000243835410091029
0.00011478633578610752
5.3763344639695803e-05
1.4367075717023192e-05
0.00020493557637069277
0.00019997521164960626
0.0004366034667103942
0.0002575669890137075
0.00031781895156892195
0.00013168695868384065
0.00028722929069481166
0.000330582395324322
0.00023702660348812096
0.0005726251246252738
0.0001965623478518741
0.00045577715321483056
0.00026769509163663565
0.000436008104244052
0.0005606319329882566
6.396897985335112e-05
0.0016859601327775956
0.0011059153722642822
0.0004006170469238714
0.0004696581746589512
0.0011833920799179183
0.0005020937044690726
0.0025640604005627236
0.0011331413972868077
0.0004766813996236297
0.0004158040227735526
0.0012470266952790488
0.0019148186546174783
0.0012709258520337157
0.0008891185780490623
0.00035204832279188045
0.0005310242025381444
0.002225138819281373
0.000614992201925441
0.00031940512915779295
0.0010641715441287824
0.0005518618942855125
0.0006468409356178883
0.001123112994672844
0.0015859587400644235
0.0009703996828525987
0.0008710443903932865
0.002128332403762758
0.0011215737784278478
0.001311512824350342
0.0012057524734350243
0.006109928831575416
0.001198136348525856
0.0016850625542186074
0.00034121979002674365
0.0007481460407831626
0.0012263315450060522
0.0023232649126559033
0.0010381699508750584
0.0007927440671264802
0.0003151062580845302
0.0005625967715383938
0.0015297243676320707
0.0028563832015075755
0.001169778718646694
0.0018263588687660861
0.0009313930177531653
0.002066827401112549
0.0008437950551274765
0.00452762136360607
0.0017814322966430143
0.0021986935762682994
0.0014253796248557468
0.0018575638968078916
0.0007582234093276815
0.0008073030070196889
0.0017488730686420313
0.002187645779609387
0.0011206785585956766
0.0004615745117175159
0.0002590164436032827
0.0006121842322711865
0.0012732503997124585
0.00940950744271238
0.002134588694096081
0.0001367141740190939
0.000638527232631236
0.009613128176553673
0.0008930677426188328
0.004264278413933684
0.019295832775185855
0.006252693855869792
0.00367499294199858
0.004588769743278021
0.003429180312656502
0.0077747853231338055
0.006373246778341608
0.0030320560768737036
0.0010737106659146523
0.0030041369035180743
0.03308555237073673
0.0032068042341545934
0.005117956700369646
0.0036165934529788332
0.009793882220899776
0.0071716239566463535
0.007741963314814187
0.026500558379397823
0.0024898270865691963
0.0015706398451668419
0.0015580890315685851
0.017875492342495126
0.0657447869887208
0.03469247603373439
0.013340318879594764
0.022982560662545906
0.0033062213634263865
