0.001528605984325076
0.005334931241204619
0.00971131792589501
0.0018738663020228823
0.00942269975279694
0.012649142778236517
0.004282630988565522
0.0033432041968841533
0.006459362526677748
0.010000033807440425
0.013533751145904774
0.006260931025924411
0.0037354137259198177
0.0010690208249923804
0.004067550906851072
0.006779701384401639
0.003468289051721997
0.007112020456138662
0.00792664716986026
0.0007308059123032577
0.0071622175592221445
0.0013821431853873736
0.003960846820745585
0.007617967166304121
0.0009466206509754103
0.002973934724103375
0.003851853564307017
0.002336729909448636
0.005688492001301883
0.003816095959653235
0.00735090024077031
0.0029335218348802918
0.005232269981163538
0.0047083734107187265
0.004053415464710644
0.004501229036604449
0.002956558990547622
0.00405996662317577
0.0052537701834981364
0.0023638483040909703
0.011792586953826529
0.0021959407298079775
0.005903224141071661
0.0028791983420280265
0.0018149744009144958
0.00018298657185555122
0.0013844867320085045
0.0009478171667864954
0.0035822813582485594
0.002056484314619615
0.005129116304036615
0.003737687428822405
0.003617007465297736
0.0035829624871575962
0.004295208587042597
0.0037035552260501806
0.004623521134615651
0.0033158005566715386
0.0006900807197055592
0.00284327656659627
0.008429155978179814
0.008537107064823614
0.0028957129119686273
0.003084125286310163
0.002178864149375211
0.0036054343027618176
0.00476158535939473
0.0026374710489367238
0.005386655151605636
0.0008876404304058502
0.00214298057024397
0.0019105645699345683
0.0014666035159401206
0.002860451469744222
0.0013366805352710183
0.002631503363998911
0.0010699342677918937
0.0025354381198813883
0.005526361447586795
0.004945847771249533
0.003940195046664962
0.004449699445226714
0.0033664033832165397
0.00162587945013911
0.004095123896897586
0.0010690487868758331
0.0021869222912480183
0.0010506714432002824
0.0007566444359323086
0.0007597361259904823
0.0020443972960835738
0.0022306908066038866
0.0009354087854240639
0.0009184250786918833
0.0012334034297670866
0.0012546853159299098
0.0011187574481856405
0.001424783389373864
0.0018291282867421072
0.0007860226618635689
0.0005898508395711388
0.003110107176756858
0.002206823800065095
0.0025026527063180745
0.0002604595730998157
0.0007284954192142254
0.0015118864992138053
0.0006999885273698818
0.0005087011827135966
0.0008182828531888138
0.0008746209552169214
0.001341783737688478
0.0006685744283100023
0.0008892259340970414
0.0023019234200028463
0.0005163947683995295
0.0004996183573710607
0.0016783160693281036
0.0007910762550027619
0.00147416154971063
0.0022601990429266584
0.001988881453066206
0.0018352997470611875
0.0014219969188560611
0.0011319350749670188
0.0009958687860846202
0.001434252471699469
0.0006913397834012379
0.0012127198148616757
0.001491679747065178
0.0013636236782014336
0.0015208708527332713
0.0002845036353263765
0.0014937434769543658
0.0012452763818473142
0.0013703804120953162
0.0005073292506041779
0.001901261830155148
0.0014258770887189847
0.0009468544457557347
0.0007181486360135583
0.0011338054321687534
0.001468970262868965
0.0012293628000020099
0.0004958732906360069
0.00037060379604653674
0.0008492768062590753
0.000314673400845436
0.0008177471530944723
0.0012513016650729902
0.0014686892867393022
0.0006765910697140491
0.0009724915817780312
0.0011943868255498073
0.0007345724893081999
0.0011065635534891882
0.0009650788783892704
0.0008549708767399549
0.0009290936164199995
0.0005714981967593076
0.0006344700136730623
0.000672764269472809
0.0008320557524924854
0.0011058174645799123
0.000501237965231707
0.0005033573884310669
0.0006466355280822905
0.0011418131153271992
0.0005348069584464041
0.0005081232702984008
0.000989251623121737
0.000805724502331334
0.00048595900119301764
0.0006842624541001213
0.0002317256553102236
0.000612080515040281
0.0006258436009068505
0.000657616865138805
0.0011365393302335586
0.00014279001320555398
0.00046928975504821374
6.488701400826296e-05
0.00042858635039527606
0.0005436691931744302
0.0002139818441658835
0.00023821005671927084
0.0006705576349553955
0.000444584845580386
5.196878099666251e-05
0.00016873864545373387
0.00015176568692059923
0.00031239261462882514
6.939418036678967e-05
0.00037955953566074527
3.5301610971407194e-05
0.00026452779855047794
0.0001659637978450807
0.0005147395598188918
0.00024204172919309197
0.0001987579068046556
0.0005319830725103509
0.00011679124320415025
0.00015938795610083534
0.0007878312830408117
0.00021435484526601404
0.0008424786783905148
0.0001824986145616865
0.0003998280637530627
0.00035737525733062165
0.0004440767352846489
0.0005791015761071383
0.00023953405425304673
0.0006639299748506528
0.00048504636929248086
0.0006660031297066284
0.0006799013864986286
0.0007708748973001833
0.00016246085548887387
0.0003116245352053446
0.00048375031131378836
0.0003428299118841527
0.00028157448320521557
0.0004615275730796398
0.0003549377752955455
0.0001565411939799617
0.00019505403311739018
0.00032066065585897044
0.00019511549133546162
8.096595640709177e-05
0.0005421568271649119
0.00029527457940771266
0.00045944381428681167
0.00026885285887204286
0.0002179962571137244
0.00037736030395407315
0.0001473345082630714
7.080291407336582e-05
0.00015835887030812295
5.5873689923465667e-05
5.271392003715274e-05
0.0001457484336389589
1.7810758738863537e-05
0.0003051371172956202
0.00022281272755797648
0.00014809339536362475
0.00019256863077040404
0.00014291325178142708
0.00011071608290926038
0.0001599697629152537
9.661083909189965e-05
7.740960138037438e-05
0.00047665907281924786
8.876500129953595e-05
0.00012624195904772071
2.8476139316470754e-05
0.00010713399556404163
0.00016686845196713215
4.369811383393136e-05
0.00011665208857379472
0.0001429722719284762
6.611368805886498e-05
0.000206069853651616
5.157283742643578e-05
7.836240696258755e-05
0.00016542182964966544
6.380698408409663e-05
8.796422819037399e-05
4.622978045196765e-05
7.646344644908835e-05
0.00016661594773107613
0.00012167357599995048
4.9709001205779056e-05
0.0001419293970274281
0.00010586603335467917
7.60065196915249e-05
7.460781670365245e-05
0.0001388748293486814
0.00015965197528498246
4.140734526503457e-05
3.391726345353872e-05
0.0001683224859251045
2.19276038342719e-05
0.00011293617800673498
7.69731456684415e-05
3.6885496397089087e-05
9.64726373329891e-05
0.0001177148632659652
9.24653099768658e-05
4.7407754744908466e-05
0.00015645755318634345
2.6529361071588006e-05
0.0001079982206330171
6.224073503965116e-05
0.0001116722366165795
6.105668463322841e-05
0.00013454803942729188
2.9168538311352246e-05
3.1856298540179e-05
1.2764093546532317e-05
0.00016116444841701944
3.322948968416652e-05
1.8768595965676613e-05
1.7978765183431763e-05
2.074937373802958e-05
0.00017600519417548306
4.6428019659238637e-05
0.00011540409840270927
0.00013301420838186885
7.467095453599217e-05
4.143250204249218e-05
3.144216233681399e-05
9.430658250594447e-05
5.9554646306663684e-05
5.420877771599917e-05
0.0001308896987310336
0.00015291702129955866
0.00017987762828019225
2.2504664894558736e-05
0.00012905459405693128
5.552666189985257e-05
3.132988066694243e-05
3.429960077234712e-05
5.027244408814259e-05
0.00011798334578735266
5.3981062795663916e-05
7.736360764666334e-05
7.553358304263875e-06
9.159729673751806e-05
9.883927077326163e-05
8.937141009041308e-05
0.00011812792461378621
1.5533093042631307e-05
7.421010877255089e-05
8.855245282870153e-05
0.0001322720656950783
0.0001147726738843666
4.395039528072142e-05
9.836766047882809e-06
0.00013894438446988434
2.3519778530606793e-05
6.312196872493774e-05
8.355498035597738e-05
6.635220144812858e-05
1.620532718448633e-06
3.260005363076162e-05
9.454553722480903e-07
4.912509530094123e-06
3.0668638161527e-06
6.958034542227479e-07
2.2172751383108176e-06
1.591119588759111e-06
1.3349347879108207e-06
1.3523933806865125e-06
1.4838298753547028e-06
1.5910419068151232e-06
1.3267550594790902e-06
1.3263994149549656e-06
1.2812984476276039e-06
1.4901045990563605e-06
1.2993952178264015e-06
1.4250720851588924e-06
1.4686173934095232e-06
1.2442609912814656e-06
1.2811375966474422e-06
1.35062135138525e-06
1.303573810771043e-06
1.302231137316386e-06
1.409661134025449e-06
1.333070033378054e-06
1.2589322053247899e-06
1.203594450499026e-06
1.3318924280020091e-06
1.2538216513584851e-06
1.2171618652128823e-06
1.2670984396212375e-06
1.4005458091371368e-06
1.3028368609745236e-06
1.2204807482043135e-06
1.2556746648997833e-06
1.1244765642898832e-06
1.5391430179286108e-06
1.3589362742341556e-06
1.3209491388707758e-06
1.1648843033138865e-06
1.2414707547595566e-06
1.1746410054699027e-06
1.0773859851399774e-06
1.2488595049098543e-06
1.2161934928141535e-06
1.2971777951153132e-06
1.3073759496197565e-06
1.330841070089131e-06
1.2747646409674481e-06
1.3896001817969529e-06
1.378890424931399e-06
1.2738890124801507e-06
1.2140667063624362e-06
1.1788190811114063e-06
1.2737564337801021e-06
1.1084853496700265e-06
1.266682574890905e-06
1.1631397797234141e-06
1.2777754620520536e-06
1.2232946142984685e-06
1.2439371719240874e-06
1.1338176876661115e-06
1.184140990449338e-06
1.0246035612491484e-06
1.191397134322199e-06
1.273887371491692e-06
1.1757937719146001e-06
1.162684431185346e-06
1.2667570448196644e-06
1.2778180726924911e-06
1.0393763330749283e-06
1.0584477017681774e-06
1.183192804114657e-06
1.2451209773340375e-06
1.26452381907881e-06
1.1791992159273457e-06
1.1590109238293276e-06
1.1302645468865944e-06
1.157923271011504e-06
1.2112127435414013e-06
1.3297430912384259e-06
1.3324196505883487e-06
1.1316444758932195e-06
1.1017103687193109e-06
1.2301458426767937e-06
1.2747494755354022e-06
9.897403618828677e-07
1.2934474487065988e-06
1.1321783254105696e-06
1.2641838863263219e-06
1.1495876070012155e-06
1.0364798615785598e-06
1.267484818519905e-06
1.1331534090885548e-06
1.2270024467769364e-06
1.1324068417189593e-06
1.266038660849423e-06
1.1607812610878361e-06
1.1721117851790997e-06
1.0210398893794786e-06
1.1200497988472467e-06
1.1356813432113427e-06
1.220924317046591e-06
1.2929572882434815e-06
1.1560722208118356e-06
1.141819486123045e-06
1.1963904067397656e-06
1.21227377594423e-06
1.23776536188311e-06
1.2310316799238285e-06
1.2918347520876763e-06
1.2251253381243952e-06
1.0727778838881389e-06
1.0952632819465729e-06
1.0589039815257447e-06
1.2638387260209005e-06
1.0839872818862095e-06
1.1964748268493731e-06
1.0221738156919437e-06
1.1719059979726026e-06
1.133793530525256e-06
1.1759168177133842e-06
1.2855304274202973e-06
1.1095526759699098e-06
1.1902690591914512e-06
1.1915559138481066e-06
1.2002877923454473e-06
9.42281762998523e-07
1.0878996969176657e-06
1.2385026820334551e-06
1.0566040219342425e-06
1.0730502692178597e-06
1.2085612041342317e-06
1.0108515216997173e-06
1.0641418210976395e-06
1.2658225872861151e-06
1.1558141664653425e-06
1.23636480969524e-06
1.1275049871469958e-06
1.2367149488073717e-06
1.1719526613174939e-06
1.03592721648878e-06
1.2771529508713026e-06
1.1183688988781485e-06
1.2901507589287261e-06
1.218335590337613e-06
1.1081549007889656e-06
1.0826516297127556e-06
1.1116959433491056e-06
9.299515090096164e-07
9.726345702761493e-07
1.2277405246643114e-06
1.213514622004632e-06
1.2644881347964251e-06
1.2359230425890388e-06
1.2334457165913967e-06
1.0504983266966795e-06
1.0273919204055723e-06
1.246828625957878e-06
1.14350319068829e-06
1.1564628487945054e-06
1.1749211302656344e-06
1.0108982575340958e-06
1.2101953014952357e-06
1.0495403610509222e-06
1.067906976392856e-06
1.112578820211195e-06
1.2679756672065296e-06
1.128316616321854e-06
1.004560024775287e-06
1.1673741591883899e-06
1.093866048645265e-06
1.2460067313655644e-06
1.1395675157202968e-06
1.0790940376518086e-06
1.0774350934330822e-06
1.216056480472353e-06
1.0118547868960424e-06
1.093627372328016e-06
1.2516227473087459e-06
1.0956920447591851e-06
1.197682460949652e-06
1.1875210474735493e-06
1.1641599999429707e-06
1.1311222062686496e-06
1.2022670154780065e-06
1.2272992415683045e-06
1.2385918495172227e-06
1.1707000570742e-06
1.2270492915272251e-06
1.2055301035986303e-06
1.0636067844692892e-06
1.4067389705305684e-06
1.1400978207691576e-06
1.1340470839385183e-06
1.0543977227392182e-06
1.2694534840742125e-06
1.179169053001686e-06
1.2253711055703264e-06
1.307534986017581e-06
1.1049412194407541e-06
1.2408314497278273e-06
1.2517388162490023e-06
1.1627429768492328e-06
1.1178321543931847e-06
1.2133345357075322e-06
1.1926820615522332e-06
1.180131931318143e-06
1.2204525455076532e-06
1.135763858828451e-06
1.0198105432746777e-06
1.0945467822289085e-06
1.2649565337504987e-06
1.1060969381942558e-06
1.2456886342363777e-06
1.0745823361156962e-06
1.142539102412175e-06
1.1787610863796566e-06
1.2676602871498903e-06
1.1533934097627154e-06
1.1499913730737437e-06
1.201369881801986e-06
1.2404286275649746e-06
1.0868482924082737e-06
1.2570088746296491e-06
1.1783025816620744e-06
1.045029885696483e-06
1.1875544373044972e-06
1.262978178578147e-06
1.2536131325397721e-06
1.1699576412583433e-06
1.084895911475575e-06
1.1703712951084276e-06
1.2135298001949726e-06
1.32264570276265e-06
1.1056402469059531e-06
1.2853257140647143e-06
1.3532594849190507e-06
1.2482510485650596e-06
1.1967694552538725e-06
1.3177566259009203e-06
1.231574832422245e-06
1.082227458699877e-06
1.3692358386568064e-06
1.1061949432840314e-06
1.260275877531673e-06
1.2671872978116252e-06
1.2913730054997819e-06
1.328242069168525e-06
1.303829618152456e-06
1.08539823724603e-06
1.238462408745667e-06
1.2635829529240954e-06
1.2789987954995615e-06
1.239245884470267e-06
1.1641036167719735e-06
1.302004735165026e-06
1.24384100191386e-06
9.835619328839218e-07
1.2295850571580048e-06
1.2741926433467324e-06
1.1483105038791e-06
1.2023385035540442e-06
1.266444587790194e-06
1.211210563594462e-06
1.3558457020134132e-06
1.1829518366752089e-06
1.2488770326969177e-06
1.1380146619376363e-06
1.3632635011312208e-06
1.2496614371568752e-06
1.2878242864456344e-06
1.212144886262263e-06
1.200947816137521e-06
1.2695009917827063e-06
1.169800961511075e-06
1.2977132809884292e-06
1.2214950890183945e-06
1.1247743530320022e-06
1.2728497359721632e-06
1.3940720282277238e-06
1.2769567761752496e-06
1.3407171111218864e-06
1.3191282604632436e-06
1.0837454409559662e-06
1.2792147983287096e-06
1.1766231306610842e-06
1.3800284429421157e-06
1.458629903898737e-06
1.3233449708126891e-06
1.3345312520153802e-06
1.3605643966989688e-06
1.302544559652873e-06
1.4355789282260209e-06
1.495280110153316e-06
1.384683537576267e-06
1.2702247451969475e-06
1.3310022163543126e-06
1.2075808219279475e-06
1.4012313260701565e-06
1.3620465161075522e-06
1.3646206098825375e-06
1.2967779817783317e-06
1.37821881453124e-06
1.440314226319972e-06
1.8359326409307714e-06
1.9749745944797663e-06
3.1228107875885573e-06
1.1903579320726176e-06
1.8927825750925188e-06
2.2791242432446916e-06
6.864186684808175e-06
8.878448282985062e-06
8.563056308176862e-05
2.331149433673414e-05
3.048163188875449e-05
5.3108870867152365e-06
6.371670325471448e-05
7.894891240912371e-05
3.860878304260621e-05
5.905161302259402e-05
0.00010313607775177133
6.0276559805966906e-05
6.845499921800511e-05
9.414551186793264e-05
3.8484352243145973e-05
0.00011544879645582498
2.5036911116148408e-05
0.00010075053531461528
9.101456595371912e-05
1.8949306668718724e-05
8.127992607351604e-05
9.081473198907579e-06
0.0001230718620200313
9.630399336785424e-05
3.5073441362886134e-05
2.3764706730463825e-05
6.0254421229372254e-05
6.396841587635254e-05
8.507948008661393e-05
0.00011380550627621369
5.167615488317699e-05
5.599479343123441e-05
0.00010132919592574433
3.9772633247410744e-05
7.94819379054107e-05
5.843593498553729e-05
7.262352294246682e-05
8.44486795701193e-05
2.0774962838546327e-05
0.00012936797600415247
0.00012000058100705867
5.741258206132376e-05
4.9533873572324275e-05
5.692069128592666e-05
7.148320947864434e-05
8.068097281150515e-05
0.00013694726156959734
7.006347740635601e-05
7.813503497032428e-05
4.053450810741562e-05
0.00010965848836468508
9.026220918056994e-05
6.817651908429682e-05
0.00016177403550600577
5.920137047367719e-05
7.600560041274563e-05
4.041494061492942e-06
0.00010434438535587296
5.4465921126729125e-06
8.458087375395877e-05
0.00011824724812654048
1.3912761038873086e-05
7.844632789015626e-05
3.125608549457493e-05
1.527939815320832e-05
0.00016871297587726475
7.028889534750854e-05
0.00013332216961582026
5.8215510597198966e-05
8.696000165700158e-05
0.0001380912721716009
5.268817341428827e-05
7.301627609574565e-05
0.00010360100567659453
4.666880419128723e-05
7.33284396976899e-05
3.148231163452667e-05
4.393321937466638e-05
0.00010797911525421927
6.554017626396788e-05
0.00015424158206078708
0.0002660108498670228
8.910662639214683e-05
0.00014913293089592237
0.0002545276199930475
0.0002655066310776826
0.00027965135331070704
0.00010072845345973073
0.00016370054673447854
0.0002353551146339939
0.00010031095620034802
0.00015556902066311075
2.4147662824660434e-05
0.00016338626633712167
0.00016840028500133433
5.364672276869192e-05
0.00011447466685745556
8.122732221295539e-05
0.00026369202777807075
0.0002753730485588535
0.0003829559901565878
0.00025812004458242816
7.613850182153933e-05
6.204143939202419e-05
0.00017717514262804187
0.00010689504813964242
9.802642341746485e-05
6.327099296007064e-05
0.00017524348416929502
0.0001673523737284517
5.728945436516362e-05
0.0002146498609310608
0.00014541236937041678
0.00024721106413211667
0.00011916646288981977
0.0002267925673307486
0.00025766691731977535
7.940054345246248e-05
0.0002116498044837445
0.00010895270888813543
0.0002703219649447612
0.00023246216122653875
4.392730478245136e-05
0.000295593968718824
0.00043908647923151996
0.00037685523170985426
0.00015829107341916365
0.00013823673282631547
0.0003404193656925355
0.0004286072852660835
0.000187270791849744
0.000744581016931302
0.0007484850158737102
0.00027061255091412567
0.0003745418879694048
0.0008590349443003334
0.0007029083872545722
0.0006809520837109614
0.00033271889752374876
0.0008359364356644833
0.0006321330878080773
0.0005393173839854657
0.0006027213109695597
0.0001388952773279306
0.0002546785207269429
0.0009049341681569899
0.0003779803521041768
0.00032732145608590504
0.0007098107691840339
0.0002687101414093179
0.00040819157940283964
0.00044310504966370637
0.00015759890644359917
0.0002434046337681445
4.3294454215931925e-05
0.00039295222936611764
0.00020687673673916283
0.0003491719530257515
0.00041442383223734834
0.0006323910170046077
0.0003583059377778391
0.0007145717670965879
0.0003595821083416983
0.0005022822382489201
0.00027764983427163846
0.0005774480789064861
0.0004091488898722593
0.0006281540900582715
0.0007571183534157416
0.0013861466945310776
0.0008370596810796892
0.00088441377381372
0.00029652067954699554
0.0006128740507566795
8.945977221778476e-05
0.000376175134926776
0.0003878317315316664
0.0005427659897794247
0.0013484128686138443
0.0002768596021618981
0.000542023542459898
0.0007446670917109552
0.0007673868837318121
0.0007810822699900669
0.0009896681976408746
0.0008999282897308663
0.0006081840587592528
0.0007437844418546174
0.001681463406734964
0.0006592219870433623
0.001594416505775998
0.002030243854071803
0.0009897305318321446
0.001150952633128045
0.0006968147347298451
0.0009737539188299263
0.0011535579925859576
0.0006765221651856775
0.0005093343598356112
0.0010997928908577019
0.0012212694356851669
0.0008162987600379158
0.0007919099862873588
0.0004020955430360231
0.00020260715320777583
0.0012785654828079574
0.0012178617138528657
0.0008334181740653473
0.0009362765498664119
0.001713796696305717
0.00117610048256529
0.0010321495824998565
0.0005460027077070172
0.0006936142026644206
0.0005484776886044308
0.00040372367618039774
0.00015757604898782265
0.0012669708315384825
0.0006632723076849909
0.00044351884716565697
0.0024791532180037253
0.0007145184605258798
0.0007560769438221798
0.0031431136684836516
0.001194430533840124
0.0029576866439630545
0.00046427292885990994
0.0007978367622498087
0.002648041840109161
0.0013086648966116104
0.0012940721063591624
0.0013513042194720733
0.0018101557435599251
0.0007111921776863005
0.0008488454947108698
0.0008760938450884928
0.0018437610987012557
0.0011525332906832729
0.002889919081440035
0.00285195199642901
0.0008112713564832097
0.0009000900107057136
0.00036358485419716945
0.0019686912956337474
0.0035019597279167054
0.0005359232704225767
0.0012211777755376737
0.001064773954964093
0.0007656510009172264
0.0027638325797673564
0.0008628229480117697
0.003388742073203108
0.0005933723933710338
0.001373927151348493
0.0012386026694984642
0.0023707929394382716
0.0005200554586497659
0.00048588066110947267
0.005207269188660216
0.0013948492786641441
0.0005621008812597815
0.0025856280754282023
0.0006076001113514428
0.0030244097724632926
0.001389800135446384
0.0023799771051677653
0.0020337068226941664
0.0009658779690428017
0.0031557394518461216
0.00331651091446354
0.005280423614963501
0.0014889543293632632
0.0037840257359835388
0.0020297738920758636
0.00044079907439128146
0.002250046446465346
0.002112565877080575
0.0016941245354097764
0.004630398282643897
0.002188944498386784
0.0031002703362861786
0.000634789788021072
0.004811806300235106
0.0050041407629539325
0.01019171389228019
0.0036163023539583106
0.001019513867092929
0.005422398997733047
0.0046836957323263696
0.00528717354712362
0.002945874421400571
0.004094645396779016
0.003680654310762283
0.005186712697706728
0.0069569341351736055
0.0018994709881651202
0.005236438120329589
0.0016879722172955605
0.0020210754778952345
0.0037161187990891347
0.0006614111188553405
0.002688017250746557
0.003582972064781517
0.0015504145610059305
0.003301910475561512
0.013490682634531832
0.0013819402838145195
0.0031844462319898224
0.0009817840725949091
0.007947994319438484
0.0036070969495223607
0.0005290043477835315
0.0039217656084862395
0.009758736222203636
0.004405446203116346
0.006279056384998974
0.0011981108456337714
0.0030945339331132273
0.009839061374321403
0.006309113098644447
0.003643947047975617
0.0026968071704164937
0.0046267395994387854
0.005316134996282887
0.005313091177602593
0.0024514444840130815
0.006602601961314722
0.007473048879513464
0.00766313623532236
0.0045137905124027055
0.007372268725667388
0.007822091320600926
0.004985732375955831
0.004942537025886781
0.004975664379020334
0.009092001662645606
0.007015907367782188
0.0015980196844082204
0.00018186884381529857
0.015557717018640687
0.00970284981086698
0.011702091913516666
0.00316638951970612
0.010305909511669433
0.008504587918006953
