0.0014820869517398973
0.008089737178908785
0.03026240401854374
0.01387621537670887
0.009674508354513901
0.009400890425448064
0.0016459394640425732
0.002970395540539744
0.004822893659822325
0.008270330980545816
0.003791065618798815
0.006883851829342086
0.015608134016229673
0.004921174059240599
0.017293846830348254
0.015871549361063324
0.008521499737574146
0.006296035695315268
0.01211465296478245
0.011468299514695869
0.004242398265319227
0.009390864160755878
0.004627815930341861
0.0035577573320097916
0.005967550411880156
0.001696200208401993
0.0030765099456948894
0.006877942669310075
0.004007807226929452
0.003711539040705524
0.002775939532685063
0.002245985752146055
0.0024573139385764527
0.003106517896556864
0.007416743636298278
0.006416096638909947
0.006972560253908168
0.007876461981558867
0.003742582500069871
0.002935868926533146
0.0019052949075394606
0.006938525071715698
0.0019274329266648512
0.003596387732923931
0.0024800913445553506
0.005908137933019413
0.00435221217849623
0.0023521761717708
0.0008427437164086971
0.0021494059728807005
0.004165939853698354
0.001495123533143284
0.0016380289189972135
0.00991059669930982
0.0016165172174978047
0.0013755467615089068
0.001846894825152353
0.0023192357923731127
0.0012737841418550618
0.001530658176582556
0.003360725071119027
0.0013771901053359482
0.002324734882406202
0.002231520143041039
0.0017732941869605216
0.0010190759905368
0.0016348986367260298
0.0018248302848988857
0.0018396493019434672
0.0005326542317409105
0.000995030456925323
0.001162739466372554
0.0018326965834342896
0.00047836816352600915
0.0011238435319332188
0.0005903415557995469
0.0016810960350461825
0.0011371710209697283
0.0009615881676676349
0.0012428319348146795
0.0012681332000683773
0.0011437625253754107
0.0008252882725368208
0.00042162277395518165
0.0010264337742120788
0.0007872081364558297
0.0018580633052387903
0.0011948192494497603
0.00251644053018575
0.0005220319071902603
0.0013959613953269739
0.0017476889344504637
0.002931238312812754
0.0006756158884805489
0.0012229472684295675
0.0003319325629374403
0.0004483572209194496
0.00036507291599238034
0.0007946025689149583
0.0008393912884501419
0.0023031973603685274
0.0006906267291508814
0.0005856642745641014
0.0004822707599318028
0.0007988369592014429
0.0005802392489567843
0.0008302936192220202
0.0012616880061419795
0.000941375365823097
0.0013965473749582955
0.0008453049992990703
0.0007938388516674729
0.0005927742598139792
0.0008446950193708699
0.00016993530696163907
0.0015269014084014559
0.0009203369961326718
0.0006733414055509649
0.0013193389759836452
0.001217939107120319
0.0004157321569770608
0.0005887098751725873
0.0004761785457896624
0.0010419309895446322
0.0008961478336592713
0.000878397491038276
0.0010475354709623453
0.0006075026799644624
0.000754600797873052
0.001181514731794425
0.0007256063336512257
0.00021517995247399713
0.00021242482861134513
0.000299560321545251
0.00040510369679751826
0.00025915374375417216
0.00017324656527325705
0.0004962120127708786
0.00036096580030331655
0.0006653961420339229
0.0005196011255318875
0.000885082323502997
0.0009613301322263372
0.0005490241557650958
0.000999771845657656
0.0006184390166398099
0.0005957937490566584
0.000281143973086668
0.000450050597461855
0.00010868021410869499
0.00046671113188932354
0.0005235862413657336
0.0006331000020881163
3.906761055845974e-05
0.0004713647967847827
0.00056646338526418
0.0001736532709443554
0.001013470410260307
0.0007194674565018395
0.0001458769380521783
0.0010039057652160843
0.0006397125890066971
0.0006598414812917816
0.0008477555854389359
0.0002954949142655962
0.000884608294565489
0.000244719467743483
0.0006391115197297444
0.0011199397270876045
0.0011115941467818135
0.0004644068081929013
0.0006753838528091109
0.00027467631933479446
0.0008545384305120457
0.0005013515512096864
0.00019617784732850694
0.0005406416288398042
0.0010682296166371512
0.0008365704301986466
0.00015873536204828167
0.0013078361395580012
0.00055716695309085
0.0009100712802982589
0.0004101918803294189
3.890866040451898e-05
0.0011180604161979168
0.00033342397856046823
0.0004684557822706123
0.0009255164384407759
0.001064667785249415
0.0004654758091116528
0.0009277507019057603
0.0002071999644001313
0.00011035263077243343
0.00014639750764836756
0.0006861517067063299
0.0006763334515613508
0.00016427348449832735
0.0006569847955969542
0.0005214572669252852
0.0005906491001773188
0.0002794388064035252
0.0002195871582563524
0.00036874883792015873
0.000524365970795714
0.0006609995086454176
0.0006448984964554519
0.0005075018366339168
2.6110280925642407e-05
0.00036148347297237975
0.0008989909815755743
0.00025963394165114313
0.00012707260615197355
0.00016725506879984014
0.00017250094884092748
0.00035423506608985635
0.0006198958825339924
0.0002867356702810888
0.00031274527045976056
0.00019933004478721707
7.947846327110239e-05
0.000285052640088584
0.0003245484578415426
0.0001445824600851574
0.00024503242100940817
0.000563365629983178
0.0002983946479607577
0.0009967220339955336
0.00013860315118245856
0.0004661407034502051
0.00024201350519087466
0.00012654000960952869
0.00010641729264005982
0.00021015887632844994
0.0005659848488721748
0.0005168175553404927
5.493185095344393e-05
0.0006111778174611868
0.0001795922072211484
0.00011207738930882486
0.00042370191516821954
0.00042052082949925863
0.00020000438256820546
0.00012588855013858283
0.00020887465563179392
0.000291793954443708
0.0006322103036468214
0.0002910607955035634
0.00036319633172154063
0.000297471122217782
0.00012554700165181396
0.00021145224359036722
8.471925325053083e-05
0.00025089669056689356
0.00030298466008617106
0.00021454807857521
0.00015694413779346488
0.0005400165133752625
0.00031715193076185534
0.00011116136538430176
0.0005443374359975925
0.0001557447342313234
0.00035310513963414955
0.0001951689371543542
0.00012428370422262283
0.0004653264706534817
0.0003157724720832305
0.00014794912542204146
0.00014037779628119266
0.0003767084231732652
0.000295545869038758
0.0001951840957654765
5.6185136638202995e-05
0.00015658111372545802
0.00010980102085995934
0.00014606695972928108
0.0001708212640280399
0.00027436507448623494
0.00010283002033206327
0.000333439417082159
0.00013010717366518457
0.0001273391560888758
4.2336380603612594e-05
0.000332224073770233
0.0002946781954009565
0.0002879487776404998
3.415123862548031e-06
0.00014906286098163044
0.0001728151537195874
0.00024311380900893898
0.00014420635132812937
0.00021661183627000788
0.0002292661413471904
4.2836346639793036e-05
0.0001683621312504849
5.370926535168578e-05
5.08425798754749e-05
0.00011242314636838978
0.00017661853301051156
7.291630594977619e-05
0.00011265537930755429
0.00012672876803524946
5.0677891327413816e-05
0.0001881107589426069
0.00019824230707553018
0.00014195263844715808
0.00020986474464710055
0.0002420382187195054
0.00014647226724986764
0.0001366610160095098
8.621696283084686e-05
2.5071907150258758e-05
0.00015533041217837885
0.00020043291023030935
0.00014175731177032148
0.0001203241221288735
0.00014040605046008518
3.001324958551921e-05
6.604395590441402e-05
0.0001751707562487141
8.483041669598269e-05
0.00019921194284626458
6.142612560829024e-05
0.0001173857589191386
0.00016743336940100545
0.00023170943971222467
9.902713362490008e-05
0.00017957622503591775
5.5920741258698784e-05
0.00011143617958960745
0.00010330710250633353
0.00010122235063540797
0.00016168590623310034
4.4816382769581004e-05
0.0001002063650048826
5.396381764445511e-05
0.0002788580806616137
7.769894996369535e-05
0.00011619586226894782
0.00013841251990418289
4.060255834071746e-05
8.045570461411413e-05
4.284842114386093e-05
3.757223461393546e-05
1.8767833399210254e-05
5.386224771419312e-06
5.211701250246114e-06
6.233674379931359e-06
5.057848220950342e-06
9.42097719301789e-06
5.794728543328974e-06
6.791900068499931e-06
8.523565921175753e-07
8.66086598198344e-06
3.2956460249870677e-06
8.217760456710734e-06
6.352017601355828e-06
2.866986676901215e-06
6.143368101761028e-06
8.686537470622458e-06
3.4216060831004413e-06
8.922491212482779e-06
4.816856961060905e-06
6.87064101472016e-06
6.05949470977419e-06
6.43020661974576e-06
6.710273542731635e-06
3.356171866869619e-06
4.10728603490097e-06
5.597319476772749e-06
8.086600914170386e-06
4.79339780386939e-06
9.172521956464916e-06
1.4136110053486692e-05
1.1128593407260629e-05
6.137202637920815e-06
8.302401566667511e-06
2.2470726270668876e-06
8.630710392782889e-06
7.591935318914377e-06
1.3386442222403577e-05
8.070977690025748e-06
3.824813306077485e-06
7.5520539029840676e-06
8.867615865665115e-06
3.2523398559183887e-06
4.339757251027365e-06
4.04866160379853e-06
2.641041878724394e-06
1.1676278025678404e-05
3.375504700867812e-06
6.424055768364335e-06
4.374990862307732e-06
6.0655545505963515e-06
7.195827820621329e-06
4.773284484269658e-06
3.6906046804247213e-06
4.07744566096229e-06
3.3904550045794673e-06
8.125227117870254e-06
9.082110075496997e-06
5.171416934123294e-06
7.165433889592733e-07
2.7509217843632747e-06
7.185581293948266e-06
1.1160675590512183e-05
4.016254972135234e-06
5.940208765484016e-06
7.9612357948102e-06
6.7518499195712016e-06
5.305501878336952e-06
3.6628469717260077e-06
3.1424978460507496e-06
7.750914057787773e-06
6.450942766008834e-06
5.1071909971422366e-06
7.040725695476567e-06
1.0653970070764988e-05
7.289954399942167e-06
6.997324561554165e-06
1.2109903449096103e-06
5.815382111892559e-06
5.1555816902376255e-06
7.610934746915518e-06
3.094036284853368e-06
5.840981935055494e-06
2.7258737918256944e-06
8.26165117488129e-06
2.358763099123161e-06
3.4491121421871417e-06
2.222884074911588e-06
2.9455647806051503e-06
9.919907033295492e-06
3.4818677862006446e-06
7.574187664470857e-07
1.3357435653237988e-06
8.478703875409817e-06
5.311625639247721e-06
7.14677268613437e-06
2.0947981669127963e-06
5.368279231884265e-06
6.888570147252865e-06
7.175864183928675e-06
1.226797343015505e-05
2.934340657809672e-06
5.8697686728453355e-06
3.040141018009302e-06
5.176823430531999e-06
6.488227941965795e-06
4.207148784551549e-06
7.547561941521066e-07
3.94799448284097e-06
3.321090585384226e-06
2.047015585682727e-06
2.8294047018389535e-06
4.9936518561824035e-06
5.172447912372931e-06
6.72717244343603e-06
2.9990726834930006e-06
4.722382799376276e-06
2.7973479132977168e-06
8.994841330924877e-06
6.350089818747489e-06
9.358670760108361e-06
3.674975836195249e-06
4.791121923709489e-06
2.4205915506415595e-06
6.983391048372069e-06
9.185921878585418e-06
5.839308188115826e-06
4.8164719274149884e-06
5.314482932907126e-06
6.46099632542939e-07
5.630506298027479e-06
2.938162154178191e-06
1.0632089802851705e-05
6.010789783730257e-06
1.0855574905614213e-06
1.5890015249929174e-06
4.02877623913747e-06
4.709684328577755e-06
4.444596656823881e-06
9.267651393748848e-06
1.1266640673451842e-05
7.479382618160063e-06
7.489498204198339e-06
6.240640654220522e-06
3.4277156750432428e-06
1.5981685922176142e-06
2.6828281319872733e-06
6.699640367823335e-06
2.8301296485032568e-06
7.2022635808117744e-06
4.440013590076535e-06
1.2194793087395928e-06
4.410171018344408e-06
2.3516427069256645e-06
5.366248239552635e-06
1.759637152059023e-06
5.369201289444814e-06
5.1659754761886975e-06
1.3094524738634497e-06
6.449291882469718e-06
6.834294984937803e-06
7.41749286672171e-06
3.853929557363434e-06
1.1718657131419968e-05
3.973915976634228e-06
2.5358240228963337e-06
1.9268113621390987e-06
1.080858776617788e-05
3.190758716360239e-06
2.2966768263255863e-06
3.515399334528524e-06
3.30597357989892e-06
7.895572596695673e-06
5.861804294101002e-06
6.499241396739867e-06
1.1378455707369073e-06
3.953585409486052e-06
3.881815130005125e-06
4.23894642496245e-06
6.001865546847422e-06
5.147031857773042e-06
4.718566299350325e-06
2.2658495703603325e-06
2.2521859989762665e-06
4.012346451353977e-06
6.448561511644281e-06
3.734262084124008e-06
6.256378582629002e-06
2.275173208201997e-06
5.622811215507839e-06
5.718052449322778e-06
3.0593996131626596e-06
6.1368833273116885e-06
5.212355632569679e-06
4.696473248597217e-06
2.0039902830250343e-06
1.7661635923529974e-06
4.108214025682699e-06
3.2897430311918415e-06
4.312983225648092e-06
3.3187586638899584e-06
3.967343748854058e-06
9.24139246349666e-06
6.342813294773987e-07
9.044379542961442e-06
1.100061937712532e-05
8.49088494633549e-06
2.99279420466437e-06
4.546404748149882e-06
1.0726239044472624e-06
3.521691437250966e-06
4.643927234403038e-06
5.890985066868764e-06
3.5327270794178013e-06
5.124144593016504e-06
3.3943455501165336e-06
8.091373855934562e-06
6.541066628798842e-06
4.638562350096689e-06
6.112300319529943e-06
6.083019414289837e-06
2.2891333998386773e-06
6.183824612828303e-06
1.8361951775322152e-06
3.861510574057231e-06
5.790793280731978e-06
8.061938536361524e-06
7.095216758728221e-06
3.1224082755539485e-06
1.1236539772685188e-05
4.875002550748894e-06
6.564548613497103e-06
1.9977312700350524e-06
6.368099632210698e-06
1.89642881821661e-06
4.504295492772838e-06
5.202063573529525e-06
8.140433146237402e-06
3.761511109942595e-06
8.635096217370766e-06
5.315309041747352e-06
5.580871643756955e-06
3.611245181835531e-06
4.512633570561747e-06
3.092277901532721e-06
2.518043351970324e-06
6.192011826934117e-06
1.2483748751674649e-05
9.248591908098178e-06
2.7604799467614525e-06
4.549521043177907e-06
1.02665157114045e-05
1.0649397193545267e-05
9.482017560942128e-06
6.652391906994347e-06
8.775798841757603e-07
1.018450726983862e-05
8.199670020715842e-06
3.260806529843966e-06
8.267639571647415e-06
5.1720739967172574e-06
5.139074432713791e-06
9.426632941659319e-06
8.404628544321079e-06
5.939011429425869e-06
2.6622436652141676e-06
6.307181715676742e-06
7.314297806236671e-06
4.242305732953225e-06
2.9991490610575447e-06
9.206329318586765e-06
1.4310030676644456e-05
3.0172357708024274e-06
8.067386643579087e-07
2.151181476797848e-06
1.1176280777284145e-05
1.0492959056013737e-05
4.470029241381073e-06
2.9304407211736864e-06
4.282120057377989e-06
6.5900495401087795e-06
6.382807068993028e-06
2.8198803236163e-06
7.905517939844232e-06
7.313546832108027e-06
8.248250126599764e-06
8.349042381507833e-06
3.869273155078953e-06
1.452230063764414e-06
4.7249944614326625e-06
8.746678477715237e-06
5.263514165027455e-06
4.322025856522039e-06
9.8590741045208e-06
4.7747650704964995e-06
7.5750599078941085e-06
5.856034668971871e-06
1.6157410234232781e-06
6.2419618491238545e-06
5.580782980331638e-06
5.36992520692189e-06
5.3416862762418785e-06
6.077239725258224e-06
9.430477015218564e-06
5.423935516851504e-06
1.4396013418600479e-05
1.0811920709983315e-05
3.872055836646282e-06
5.60823788209534e-06
4.6054253416838e-06
1.2357871003179819e-05
1.7010911814878438e-05
2.1008237140932413e-05
2.0261857345732993e-05
7.965146328940121e-05
3.502247970809046e-05
6.060794151426839e-05
0.00010987390964262859
9.505350968187334e-05
0.0001025747428925574
4.5440637418870994e-05
6.959190502328211e-05
0.00011472542313362099
8.078309048468988e-05
8.524987357057767e-05
0.00013133910797992503
7.066026293372368e-05
0.00013368449659426245
0.00017194407072106452
3.0098335851876768e-05
6.250458545492922e-05
0.000113084704651793
4.786165416387041e-05
0.00020564133987949188
0.00015689682900067023
0.0001075483882067669
0.0002066048060399137
5.212627808158286e-05
2.793745027451686e-05
0.0001272186994388084
8.736942192197193e-05
0.0002735971170872753
0.00014225167845697433
0.0002631916056720702
7.602679129373429e-05
0.00012195884358724223
6.174856991788229e-05
9.279795121557576e-05
4.014450217150706e-05
5.242727670903163e-05
0.00018996810661309384
0.00015794543082154984
0.0002629568524906681
0.000152065075175173
5.8306403774755974e-05
0.00019361198661903788
0.0001378244514102002
0.00017365469319213247
0.00013527961037517358
0.00012218016534810776
0.00024133378218969603
6.603257606906618e-05
4.284143768747906e-05
0.0001913751581223602
6.191790440995728e-05
0.00022393187181592755
0.00020497341579175018
0.0001249532826876267
0.00019548570042887128
0.00018433395773386561
8.938677586509269e-05
0.00012007181423293151
0.00029678575595755365
8.542501484797923e-05
0.00021645979935476867
3.7924361549695305e-05
0.00015695272475678315
0.0002138178454607412
0.00015802286674552476
0.00030304782176982946
0.00020149124928947384
0.0001489664395024817
0.0001755922680687276
0.0001393803441025116
0.00010782264029625606
0.00021181061990107561
0.00010066431453533458
0.0005383240080500717
0.00034606942115175947
0.00032112597620753653
0.0003012278986586064
0.00035383265613469925
0.00022257614111520477
2.5861476644854962e-05
0.0003912576448174491
0.00041261698616156005
0.00016457754507718072
0.00020325984631066078
0.0003524277384122259
0.00014208546178731845
0.00016498205290452209
9.510250823623276e-05
0.00025149056345466134
0.0004719012775896773
0.00030180136597743714
0.0001341776328468813
0.00019670691809253374
0.00020378214789953662
0.0001242254171302321
0.00016726619026152494
0.00018379191525323593
0.00025412474502707795
0.00017592735672536893
0.0003700678962145816
0.0003728532525497911
0.00043626722920558794
0.0003553708118546936
0.00029000195941589
0.0004293420267732148
0.00027364559680367954
0.00010047304496072843
0.00010710714230931067
0.00034424867943022304
0.0003122439578446954
0.0001798628831615829
0.0004916903974221914
0.00044412048646792307
0.00038866986291010265
0.00029705157695037956
0.0001884787230531079
0.0003631281343734482
0.00043687140538527914
0.00020971287317682758
0.0006291508930001043
0.00021598267007722697
0.0003897699926518287
0.0003081624228430266
7.559103529240055e-05
0.0003029724808523762
0.0006250081580186353
0.00020478539132571218
0.0006204398697592974
0.00018358474025452652
0.00035302642227559626
0.00045487976668332316
0.000417895435754299
0.00018658682986981342
0.0006373662313853705
0.0010211950727530086
8.657340674755073e-05
0.0002924802711869959
0.0009253666039321177
0.00047484728712723044
0.00035177921810064695
0.0007245673479635409
0.00046917413919501445
0.0002774657503259021
0.0004398021837328166
0.0003748060697751233
0.0007400817406530243
0.00023119470906205774
0.0006846154352880118
0.0008581864766348836
0.0010845776437865078
0.0002903413256471284
0.0007767061816784525
0.0005463988596267366
0.0005523274022227964
0.000501253538471392
0.0007848314583705974
0.0005172537910432873
0.00027242452042360434
0.0005709428899588645
0.00030294075513967103
0.0007624429465267493
0.00017027741813566315
0.00078957554593538
0.0006339441062084516
0.0006784694023026184
0.0005564402940129252
0.00027585188645059313
0.00032807110289035133
0.00010358314860089488
0.0007698672140884856
0.0009628068726660506
0.0005587845802376783
0.0005448639061112987
0.0008445006068861125
0.0004344709757124433
0.0008011365681150279
0.0002717386619405702
0.0005498808653335488
0.0004649622386909646
0.0005314702577541534
0.00033721875808472013
0.0007008700258288806
0.0003916950010761392
0.0004985775851630174
0.0002572937697401754
0.0008157084164159127
0.0003714167967287279
0.0006917117888141685
0.0006892392877024712
3.784089632768679e-05
0.0008811581572856474
0.0005361244410690845
0.0007354504498798802
0.0003528869529636147
0.0004918553534219661
0.0002670056856635696
0.0010525115811634608
0.000398388447397006
0.00041761331256405537
0.0005178296756205321
0.00029713772613479574
0.0013372725573965432
0.0015818681790576523
0.000388267969678003
0.0005792238717295869
0.0010742687994358404
0.0004631308996164336
0.0009365894909843199
0.0007242540807622886
0.00046461333689667023
0.0004299314669993424
0.000749625361816687
0.0011111336282465475
0.0006034349174044932
0.0007032869465247482
0.0008179090325769026
0.0010570066376966159
0.0010156827078271556
0.0010549481738100486
0.001354870443306
0.000393741969994835
0.0011480099148952617
0.0006608966863422074
0.0005873520396793077
0.0007704426565297779
0.0008403031086497015
0.0003496750876376847
0.0012982413527829453
0.0010286123954698955
0.00039066021841588524
0.0005017079960416427
0.001503538744918013
0.0009668265197868784
0.0007083402636075686
0.0018097344262285354
0.000324638412531102
0.0018693850563072524
0.000922426460785487
0.0002909184526492075
0.00091206297478899
4.343758657283955e-05
0.0010909277955223596
0.001495704848990912
0.0009728545572788161
0.0009815791735114426
0.0011926396254571825
0.0018485401072758458
0.0010688709631980582
0.0009267753345882759
0.0018429698342745482
0.0017526953178564554
0.002475802921707878
0.001272201794806997
0.0011704218893140287
0.0019659771715452245
0.0007661284232898832
0.0015883208799504168
0.0025207409355567237
0.0009521961985265593
0.0014543856746399991
0.0024028418401510054
0.001009925396758939
0.0018994025602394188
0.0018394916158271052
0.0012487748984763229
0.0003732560500721717
0.000396352345158611
0.0013456044586425179
0.0006742145197941763
0.0001639563362338915
0.0007845384348045083
0.0007376083154226602
0.001136233216631582
0.001109795289373869
0.0015628893637468964
0.0015690764402996964
0.0009658651455981903
0.0024378864325749787
0.0012463858827493717
0.0009932809022532786
0.0011051551026287493
0.001252438730834297
0.0010288846254582985
0.001600490788628999
0.0010264939920608409
0.002856846993851147
0.0032263802760983573
0.004918202465602619
0.005848454501509647
0.0008805886657712853
0.0036877971296784755
0.005066758455325523
0.0017960439488513787
0.0004953971223811872
0.0021183128260291455
0.000573520221834203
0.0027338124492627277
0.00726893189430776
0.0029750282231495763
0.005593215505721035
0.004253174375813266
0.002139874901145642
0.0063029476176650135
0.0035647492323495657
0.005028279795157321
0.0033779892088105024
0.0014327889710100282
0.004103542292248489
0.01040293142383508
0.0050176367175107815
0.004595258637993525
0.005212947648922005
0.002424329660307808
0.004473585342739742
0.008463879626375083
0.004041132526222104
0.007265264431753004
0.007654857533703771
0.003668206187238912
0.007353376947407323
0.007860234193855009
0.0037160995207116323
0.008512306233778109
0.01612397397780042
0.0050371201874747345
0.013771662102751294
0.013015714708672394
0.006023007363592764
0.005421762738707174
0.009396204121675708
0.004986937783045353
0.0082070492104172
0.005808659542968038
0.0035812529176041967
0.006235974808037756
0.0037316771356568665
0.005612222404938741
0.00557794356428954
0.01898321921466409
0.008705291406970555
0.012697871994513122
0.020411680411444
0.003055336445929389
