4.901721507467641e-07
0.0001574466813808446
6.814759406801536e-07
0.0025213423101130266
0.00011485100328339313
6.46158802989584e-07
4.989357807982922e-07
0.0002689192898857178
6.520745970375574e-07
3.853306066662579e-07
3.9309477842196953e-07
0.00021495861576545673
0.002322634384465087
0.0026276880552088917
2.302764763703905e-05
0.0005255550595293405
0.0003918023741779528
0.0010836076792540097
5.944701063859403e-07
0.0006590674865887382
0.00021452509684920506
4.915026354944507e-07
6.946761208368621e-07
5.346222906900919e-07
3.987829866144107e-07
0.0002459934945429538
4.19996338192762e-05
0.0001651865556545902
0.001019754588512131
4.898337469143662e-07
8.796577050547335e-05
0.00014502450487589286
3.8460691182793973e-07
0.0014743505882368084
0.00015695540294675584
0.0004434803851461894
0.0003225011924404594
0.0003740778060885984
0.0002526791803228964
0.004664892330508415
7.672916983618985e-05
0.0004117067484196971
6.413992450939794e-07
0.00020158805638385483
0.0011096464920115322
0.0006509249287601637
0.005233172598375232
0.003932829948004886
5.767240493505101e-07
0.0007350721726264733
6.495326476899826e-07
0.0018942991708873838
0.0004118745158939388
0.0008369612510758138
7.8081779539612e-05
0.0006412614284134666
6.753896106292907e-07
0.0005696310606592162
4.623051417457157e-07
0.0004532247115016798
0.0014404095644559528
0.001509730163323284
0.00018500159014640745
0.0016138082942904655
5.605148646651124e-07
0.00024051947297836008
0.0002706419892113467
0.0026559034849943934
0.0005333172246401761
0.0010485363326127126
0.0004262491051066782
1.7407432127246276e-07
2.920606901574923e-07
0.002050173511530675
0.0011086837921709832
0.0038122748910629748
0.0002512455626444845
0.0034655552071613366
0.004030297182106601
0.00011823410931169684
5.861698176531841e-06
6.049729075932159e-07
0.00023111884235133923
0.00020990214740917835
0.00014986083184938758
5.379894461749983e-07
0.00033917836482219436
0.00040792183947347364
0.001726598793963286
4.3764606935263907e-07
8.027134580451418e-07
0.00011294437142087039
6.89108173035654e-05
4.266880745593355e-07
5.945109196144149e-07
0.014149740787874126
0.00019851726964097697
1.6589545271110977e-07
8.446821077631734e-05
2.9876171123742018e-05
0.001983218444018982
1.7840101472787538e-07
0.00032887171546595726
6.346873931745906e-05
5.70035685923313e-07
0.0001460823944537656
2.8443911290232516e-05
5.584274764478596e-07
0.000358418693909038
3.2343400715894283e-07
0.0004717234842472534
5.578939215056759e-07
0.000514249724235529
0.0001855751784263998
4.099995892632192e-07
0.0002148225336009421
4.801538316890691e-05
0.00010202405916524021
0.0003923525595639188
0.00014607115050307938
5.825453127613402e-07
0.0004909438198698888
4.719203450809798e-07
5.368283484716953e-07
0.000713049890253762
0.0009253705017397773
0.0005597164239055289
0.0004820131068284678
0.005456213818638944
0.0013890826847308098
0.0007202428007681938
0.0006028042463902341
0.0003142229891238898
0.0007692282358790667
6.783211989924014e-05
0.0006462356207364344
0.0005141699309644851
0.005420901436604147
4.462231735655365e-05
3.517365982883243e-07
0.0001632793455998564
0.000499415800722689
5.136609014548927e-07
5.183145202405477e-07
6.724270253330272e-05
0.0032644079834520338
0.00018336158494100234
7.92866524657947e-07
0.0008668297823159235
0.005355775322989891
0.00020883280685427558
0.0005692355557346348
0.0017933489428558977
4.338236212461965e-07
3.426052133537089e-07
0.0001525717188101553
0.00022144041787952574
0.0002549143810911419
2.7403283208574565e-07
0.000978545703854836
2.8719339636180854e-07
3.9988796045151756e-07
0.0004822154598671906
5.036888665044126e-07
0.0025476520383643365
0.000261352202237143
0.00024649899366221306
0.0007836607225263738
0.000529663314599589
0.00021010117304295055
0.0024525006482934886
0.0003967119568176123
0.0009444195205072522
0.00012203503386229377
6.048659283931015e-07
0.0005977935977360829
0.0004991772562779924
0.0003076490831448351
4.338521991390811e-07
0.0009362481820573552
0.00031322375912225123
0.0009659768708641173
5.534543339550165e-05
3.971048976466053e-07
0.003146311301264261
0.00010909408900611014
3.4406515842338915e-07
0.0016567559066579785
4.307838574573424e-05
4.7526126167836174e-07
7.233892977796543e-07
0.0003117209048998215
6.616802804947393e-07
0.0005833715964865625
0.0002709507119825592
7.225813264986111e-07
8.550844344820567e-05
0.0003104147103776607
0.0003774422037018386
0.00019387558860575985
0.00011636903573755069
0.0016908813432382924
6.00734087538702e-07
6.397742593576349e-07
2.921543383925797e-07
0.00010986744120792786
0.0006793729652927303
0.006353774241192948
4.110952751908967e-07
0.000691937312563637
0.004250313681131892
0.0005336525308957912
5.095763898580475e-07
0.0002592253558603137
0.0003135077150463725
0.000746379475818798
0.0003201632453335482
0.0022905450956968655
0.00038523447935607673
0.0007880987089979377
5.642319065617036e-07
7.649487971532899e-05
0.003830715724689562
0.00018067327355931432
6.054072140359302e-07
5.048422981971696e-07
0.004586559953544372
6.797265873111993e-07
0.00034805517369958304
0.001328910970502837
0.00014579809635873977
0.0015060306529347857
6.131504108269356e-07
3.844170600272399e-07
4.89735508674334e-07
0.00012146726928544889
0.00024882400780581565
0.0007441430048705376
4.537979110064732e-07
8.066536961426811e-07
6.643542418145827e-07
0.0008743293804743062
0.00028894742121005193
2.498812037763249e-07
2.7797955818435306e-07
0.0013581560962206947
0.00019075086787600172
0.0002704907633828996
9.51609739103745e-05
3.2362667691456244e-07
0.0001096524256018587
8.077038052408434e-07
0.00411922775574595
2.996949851761228e-07
0.001292718882373264
0.002654967053644614
0.004412699818515861
3.57506584177322e-07
0.004198274177726017
3.8068990310488065e-07
0.00013199844981985826
0.0026000172170590917
6.098556641592571e-07
0.0005256118104697292
8.347545437439368e-07
0.00021805970442103406
7.167764815573004e-05
0.0008152932816991156
0.00010847324603008966
0.00030448859586324904
3.1087755247455095e-07
0.0008455304162525851
3.2751850097187943e-07
4.98775233884566e-07
0.0005213563375247857
8.147389487193958e-07
0.000580525487721423
1.0923657990676915e-06
0.03423589001914786
0.0003401622816855963
0.00035960214817332505
6.039296475264342e-07
0.0003799987171549467
0.0010653048806151353
0.010631260878781164
0.0012231773385549534
0.0008208110176562738
0.0013696372116684605
7.675868311251379e-05
3.428257558128039e-07
0.0006017692416352708
0.0004380623983057939
9.969543685150244e-05
0.000798024936764762
0.0006274660815660707
0.0013849002155513922
5.286229332644063e-07
0.0004536798612006021
6.182986419756604e-07
0.00028678549642846595
0.0007066654794512309
0.0003955463746477696
6.254979378540718e-07
0.00012822787684788287
0.0006566373632808991
6.974589128752603e-07
0.000448068500851301
4.2279537461078037e-07
0.00025213662109642546
3.1392134410378626e-07
0.0007251339897446826
4.492300011408371e-07
4.745893187649905e-07
7.512540218381343e-07
0.0007079555624319416
0.001023651295339023
0.0013355008445702229
0.00028420284355822506
6.593172891604619e-05
0.0004758876004501498
0.0003351506354738044
7.064762952778052e-07
0.000123809335541069
0.000513036338735674
4.4656251261148156e-07
0.00015648010461976843
0.0008976098856766172
0.0009874221058603443
8.581209097669479e-05
0.0023044352197650352
6.017862389430904e-07
0.0005511887842124973
2.1798100568197885e-07
0.00012285561340955273
0.007106122332618915
1.407699936575532e-07
3.679700042136471e-07
4.336148274977905e-07
7.449937087274258e-05
0.00043106887715057315
0.0005697846155848449
0.0026137926642872404
0.0012054785006313181
0.004577830718456092
0.0008969447865336866
5.238437867069183e-05
0.00014055603084074872
0.0012677184211187305
0.01320585623405094
0.0007039145267027501
0.013820290271199407
3.2287630609631224e-07
0.0005328215051397942
0.0004680629565571823
5.945331285491526e-07
0.00023413972243406723
0.0003079551283819361
5.070181747331607e-07
0.0004248303447667878
0.0025739465023158934
0.0003639813170804078
0.0007113788439188165
0.001775849197059324
0.0005547110102416363
0.0038817427766523038
0.00011771532358263731
0.0005878684683339432
6.636233156501137e-07
0.0010605486040883491
4.154739316500932e-07
3.283657507158477e-07
7.30363686668778e-05
0.0029701051328778496
0.0002450669394163192
4.1562315067049584e-05
0.0012842189945695636
0.0003802892552735731
0.00024247411154921746
4.108137797946441e-07
4.40904982245416e-05
0.0004906223032213083
0.0002789525354853483
2.976499168067363e-07
0.00025601685339469624
5.019506888969376e-07
0.0009036298664814145
3.4623266031027993e-07
0.0007327829089906769
0.0003739983182017114
0.0005853717311506506
1.12281505001572e-07
0.0016309326912719543
0.00011223397599204003
0.001936257959146782
3.3940635909132785e-07
0.002639829861839629
0.0015942149404831868
0.0012246335367293777
0.009927261868012193
0.0003460595877080033
0.00025120762722316076
0.000429126593262244
2.2376736293098818e-05
0.00691856336485246
0.0013258600435433294
5.937424306275069e-07
5.5524328731836605e-05
0.0006304692883056148
0.0005534023417462968
0.0028151781973362613
5.832173395158637e-07
6.524060664185323e-07
0.004998681524788047
0.0008338343113659756
0.00029880909344248306
0.0013266855855402666
0.002932132020979819
0.0006450807645962881
4.5665176462256964e-07
7.033398205540822e-07
0.00013158824564827565
0.0004449410100560764
3.1680418081024426e-05
0.0004822476846844666
0.0011226016036832136
3.444029572294281e-07
0.0001491226831472934
0.0039055225590374928
3.2964667934251875e-07
4.852750310317712e-07
0.0013404895222332378
4.420670998667464e-07
0.00013917319523402128
3.9527733283637737e-07
0.0001610629118502604
0.0002233617071421747
4.3230422388209396e-07
0.0001863678684081632
8.527044257383128e-05
3.5467546820255615e-07
0.005829815126688785
0.000575047706314189
0.0012940051197622491
0.0003727862754599686
5.139684959892408e-06
4.982734921007036e-07
2.483002110712937e-07
0.001534314406243498
2.955584015908659e-07
0.00021965276330424837
2.3353539553944822e-07
0.0015700037540814866
0.0002962479791786055
0.004616532918798025
0.00023680859105612554
0.0003303359171722619
4.795051800916296e-07
5.951299259276868e-07
5.628162369883711e-05
0.0015626639964397328
4.742573478436466e-07
0.0002159106836583714
0.001323450458368101
0.00015037575878987727
0.0007853011779690174
0.005077961292083953
4.1782217457742074e-07
0.0014901744661644865
0.00018015349603588634
0.0017472107990395924
0.0002643236214799477
0.00039256910106399436
0.0002156979248172297
5.422704935282883e-07
6.128474096164474e-07
0.0072211698450151815
4.97596295603976e-07
0.0009778146628521807
6.6696231300311e-07
0.0004924273140537129
0.0022489599433208325
0.0004900854859614461
0.0002133726113259138
0.0001858085477450102
0.005912299006459902
5.61640942781805e-07
0.0031100578364257497
0.0003711966155332511
4.1163864057227107e-07
0.0010076284524851928
3.4197421658924406e-07
3.771611262140661e-07
0.00020182562576786503
0.0007482683929325173
6.437373290250119e-07
0.005476314976689295
8.859371519286953e-07
0.00022226834799566743
0.0011186739233150476
0.0006527789917185315
0.00040124307167674795
6.070037962599738e-07
0.008308402801069936
0.011821679672254072
6.117898611102328e-07
0.00021164736447188583
8.36985848334529e-07
0.00019126850825162538
0.0004749318320284655
6.207268246150368e-07
4.777271286224351e-07
0.00025475586728662767
0.00111411781323326
0.0031399488487341537
5.917227103620306e-07
0.0030495796966586294
3.236387042207576e-07
7.411196512028728e-07
0.003865558267348099
4.507266881438176e-07
0.0013188720319141848
5.279620644692499e-07
0.0012499133849122603
4.843909459711533e-07
4.1351274962877294e-05
0.00025162798315458653
0.0010746075886263991
7.051607799575621e-07
3.652914349608927e-05
2.669902018608497e-07
0.0010883498352281947
0.0011516673213316279
0.006886464768822968
0.00042249497613569087
4.890955230412973e-07
0.0007574077530917723
6.788654072777871e-07
6.539938403751723e-07
0.0003649565740163862
3.694230757144896e-07
0.005231302980203425
5.933627027259506e-07
0.0007107057865940636
2.2113552194669591e-07
1.296459217605281e-07
0.00048580108137995795
2.1641915721979352e-07
2.277753027866169e-07
6.431808773371741e-07
3.3694939484280094e-07
5.00109717261641e-07
6.326056103814975e-07
5.339577717047566e-07
0.003757611716872016
5.0303831719643755e-05
0.0034176674395941195
2.762064465875895e-05
0.0031467150772606536
9.300719164131061e-05
0.00017212138855300118
0.0002039932320875863
3.702203868576448e-07
3.7698236752064612e-06
5.502972726851221e-07
0.0007912301922755902
3.719496848606556e-06
0.00010862095624141235
5.205424095215031e-07
7.987135084186822e-07
0.0010321850583317742
0.0038685272246672844
0.0005986903885664165
6.854185195913312e-07
0.0005280078056715095
9.86572733227323e-07
4.394007227951147e-07
0.0013067826762898957
6.250936315029276e-07
3.1217374577725273e-07
0.0006626862323913684
0.00116589162495577
6.662035612802534e-05
0.00023525912528554038
5.03307291594751e-07
0.0030797311784988178
0.002570820745779078
4.31386062723624e-07
0.0007410607719745177
0.00020818592606507185
0.002113035446836815
8.203316647096425e-07
5.633879163355838e-07
6.641321789780211e-05
4.936916129401569e-07
0.0011776044301982892
0.003560609973662351
8.487154500250855e-07
0.01091272638988092
5.043580729235209e-07
7.152300478056043e-07
3.7793176395953236e-07
5.255948581252038e-07
5.652388784907844e-07
5.720582059770014e-07
7.132093614735002e-05
6.298716929656999e-07
0.014097583631211698
0.0004595052758231297
0.0013079245004292781
9.095434075495765e-05
0.00038885691141963923
5.8054873225903455e-05
0.001468523341608102
0.000668043781303379
4.716365749553874e-07
5.221913181299384e-07
0.00013480938419244097
0.00023156485794557813
4.3056873681104505e-07
0.00014661439981208845
0.00010844795843058385
0.00028099076909968753
5.548921824618886e-07
0.008954426421033406
0.00010822471021947446
3.6207150566739406e-07
7.095221639241623e-07
0.00022607648370926236
9.889579399652957e-07
6.539123975119816e-07
0.0070076553257453975
6.079838854416547e-07
0.0003957777567039225
6.78059433152609e-07
0.00038261172428721564
0.0009749253452775728
0.0009817703440220707
0.00020913115150660196
5.549189385472613e-07
6.21009030244223e-07
3.3239633693047483e-07
0.00014320225902048268
0.005157631447080589
2.479858153136551e-07
2.331889437970979e-07
0.0003276183309474334
0.0005807479644147969
0.0015696966238895051
0.0005834785184978114
4.726731474757737e-07
0.0003464501211231887
0.005409256108928301
0.0009622173234073906
4.57172925948945e-07
4.5503428614946294e-07
0.0003591728318046084
6.560905579779107e-07
0.00030974602458153864
6.285816750468472e-07
0.0003106321210355432
0.00047399189661599423
7.393932417235453e-07
6.122733744123647e-07
0.0011777164455513633
0.004554571046736725
0.00014561366575124195
0.005359200227349577
0.00025011542332115116
0.0013546680403063625
2.6006597225733896e-07
0.0008500038879698603
0.00010400900799545594
0.0010921551073956386
4.4700626219062664e-07
0.0004030848641257103
6.118769614953817e-07
3.0186800722756875e-07
0.00024149354341642217
0.0010714844973580184
0.0001797029963694012
3.394548990044967e-07
0.00035922713192791845
0.0033787322236940236
0.0004594177803092932
0.004189178648564284
0.00019555665434154413
0.00024252332064656848
0.0006481965792306463
0.0003959810777832873
0.0064506019432524694
0.00119451302641389
0.0002520693429023991
6.820073209148462e-07
5.935733101203691e-07
3.0010565581875722e-05
0.00029443591037428785
0.0014468508271278365
4.699596360513145e-05
0.0005747427832312886
0.00146843260684064
9.964403464723945e-05
3.4014782785723424e-05
1.0762546544498639e-06
0.007111286461745705
0.0001606824018390347
0.00017272778890530915
6.124128000559088e-07
0.000170913033910268
0.0002876655738246825
0.0004636768524660205
0.0001632474478095479
0.00041005775902351474
0.006479950117820042
0.0001844946642246768
0.0006446814753999285
0.0011161075668282118
0.0017287501838762595
0.00010414554316708885
5.785039583254969e-07
0.00031364356514197825
3.9722970523923144e-07
6.249385242702912e-07
0.0014395023229150663
3.195432732913888e-07
0.0009067982513518811
0.0004113514172005665
0.0007455117206112286
0.0005630157430252499
2.9519715855340618e-05
1.9704592938373225e-07
6.280574592568379e-05
9.164381550843113e-05
0.00013666202383274967
5.860829580711045e-07
0.001219265786072607
0.00047658197191968016
0.0004929688400759565
2.4124889158798017e-07
6.340248976565229e-07
0.00022171444442407634
0.00032846323623568436
0.0014232143868370324
5.530070893685427e-07
0.0007507563057045775
5.160182666657191e-07
0.0005153551253663012
8.63532568157425e-05
0.002210030826358171
0.00345459004123179
0.0011443155793525819
0.0004201380988752971
0.0008904614000417186
5.473984235022236e-07
0.00031308239048258974
5.24249523821269e-07
0.0009454501587141015
0.0010257639368304388
0.00019929502301086022
0.00045221764469242085
0.00011193372035157728
0.00012119888632404945
0.0010575584976531428
0.0007058984997891586
0.0006991537357282239
0.0003573444562440391
3.405126383931503e-05
0.0004313390177688193
4.5095383291862515e-07
0.00022809668587200864
0.0010396187135624491
7.349339001415393e-07
0.0009084549479660166
0.0002832017957742566
0.00097915056650646
6.841126667591172e-05
0.0002437004908944105
0.000796798306272643
0.0009112764006294383
6.257954316954107e-07
4.1095069798980903e-07
0.0018005359336219448
0.0016960069228082674
0.002939653777480015
0.0011383941508550557
0.0005175991917720494
4.7415318805395014e-07
0.0010360848702760093
0.0001603541876327934
0.0009771877532714264
0.0021594471430073053
0.00046641774292745366
0.000482959809565063
0.0004917945255920744
5.826610953712709e-07
0.000444556399362847
5.067769486463157e-07
0.00012352480413949153
0.0015456083063795885
0.006303571098638857
2.6225019703958517e-07
0.00047788594124185057
0.0008514831991541476
0.003119948652980113
0.010002287278161558
0.004328083305388439
0.0007350177756298629
0.0006241937519406675
0.0013393727647088491
0.003329414653532854
5.973163854790228e-05
0.0023248926354793907
0.00013592526260331744
0.001145098208026653
0.0010752927766131647
0.00020648626652219792
4.771283174799586e-07
0.00010936432559029784
0.003835404812515759
4.136732771841857e-07
0.0017448508281117765
0.00027956104063038084
0.0005677984948861336
0.00031778609223649315
0.0011518448471236609
5.915195923343986e-07
0.0003816604085417283
0.0007672615193649721
5.001349903360483e-07
0.000697182493198317
5.702136758754004e-07
0.002709266101944637
0.00046356262414947027
3.9328363647625623e-07
0.0017331619016890622
0.0010534741260093763
0.0024450817122717667
0.00024816266833125174
0.0026707910783582652
0.0009201823289899392
0.00015100084270681325
0.0009392637818427185
0.0004906252517569616
0.0007403043799140237
0.008513670142531375
3.409624642320074e-05
2.098994975548542e-05
8.597585675952311e-07
0.002276682071299597
0.0014831452538336346
7.094809251593031e-05
0.0007908899572432836
0.001569197958499987
0.00022937117175668212
8.181312125736218e-05
2.0298705247486292e-07
0.00016954809883363667
0.002179271154891007
6.705416023445741e-07
2.69391613746886e-07
0.0009294587021447758
1.1796654589335619e-05
0.000599847480568189
6.417713415675771e-07
0.000304780182749804
0.00784861632956263
1.7376915443819434e-07
7.601763267843936e-07
0.0002820178738686127
0.008718634671403453
6.15833246012164e-07
0.00012088226562128095
0.0017010562266291589
7.635749809394454e-07
5.802610444027643e-07
0.00039695098382887804
3.437193062551316e-07
4.3327202779076297e-07
0.00662383158243956
3.3247973030209684e-05
0.0003231154192689377
0.0012297386676464177
0.00025061651549992134
0.008591513741938008
0.0004284965101020142
0.0004511709199434001
4.301845207783801e-07
0.011228759963926234
0.0008607130684076135
0.00016789161414326636
0.0019929394772142156
5.216310874699923e-07
3.208242500825507e-07
0.0008174822862650017
0.03717780052779594
6.511514987291595e-07
0.0009690760568774543
2.603375534408757e-07
3.9459803226910714e-07
0.00014333673567664396
4.007491131098714e-07
0.0012470104365105085
0.0009670852754504581
0.0012366183829444109
0.0004785889862482867
0.0009633773471087532
5.29786092735414e-07
0.00011733186079211145
0.001895529389718961
7.184723497430366e-07
0.004893151055356322
7.327027497263092e-07
0.005022275027538329
0.0057848686414886455
0.0004590079208407108
0.0007442404244805027
0.0026778558888452962
0.0001067817577668133
0.000274378307040407
0.00023987397359852885
0.001010899438919681
1.8350840104192766e-07
5.308017676053954e-07
0.00036100366065541654
0.000596877175360655
0.034997379076518086
0.00032627231763403557
2.5281996652398344e-05
8.637218151618838e-07
0.0009494878361397587
9.489964963546991e-07
3.1429859158820104e-07
2.6087373426869566e-07
6.342211141986617e-07
0.0006102044455791703
3.1025626279807224e-07
0.002671065354085456
0.0002797232867992015
4.4822301601812694e-07
0.0013270344000112745
0.00044731912161230796
0.0005798758429311128
1.9055548137781664e-07
0.0006255120027403029
0.00018031611163245217
0.00041445175546516117
1.1111038090102476e-06
4.6247307305526447e-07
3.918591466259914e-07
2.3600803933640894e-07
0.00045482976745528505
1.6223299386170293e-06
0.0002327178684683177
6.975044917380663e-07
4.704336793779399e-07
0.004357558670113365
9.201414063148842e-05
0.00010270431475740361
4.7557168451473063e-07
0.0038403023538848926
0.005877822444021893
0.00014233226600060452
0.006372482207724431
3.1589619685754567e-07
4.980171523674011e-07
0.0015383721360834642
6.323842468414813e-07
0.00019102609506821275
0.0013120721458851812
0.005539142834791286
0.00025338996783686883
0.000326964312591026
0.0007651097412306847
0.00012134804632066493
3.01535198295941e-07
0.0002710487780606628
0.0013723591669936596
7.454483547441148e-07
0.0003010714093670917
7.155588281541267e-07
0.0011692801836770982
3.0161752283603076e-07
0.0006180947669515615
8.470953058668601e-07
0.0017358401776496992
0.0005602702561766706
0.0010742162926676245
6.933533491853232e-07
1.9063462610701899e-06
0.004007250162860271
0.0007915689211373953
0.0014009591757695517
4.4306751618716294e-07
0.0008155214432973659
0.0014609377077708552
0.0018819501718043098
0.00013352349348948853
5.267355077894144e-07
0.00022535794249344362
9.446002157996176e-05
0.0005898795642352397
