0.001374621828796003
0.004349755256212185
0.0038865792762433323
0.014527283787819967
0.01126151652810705
0.04399887992094747
0.003965253297715523
0.016969936814019423
0.001940267617374459
0.008578641940561365
0.0996520446113463
0.01916784401503204
0.00412652771510446
0.010487910898401115
0.02156960801596181
0.0023853200811378675
0.001369987407697755
0.01620643633321049
0.003940434991558512
0.0039008425029318527
0.009878321667082907
0.0010317468172942774
0.005488374189314397
0.0018999049364520387
0.0016731495646359425
0.0048530854726796385
0.0023037925762559304
0.008262095443103247
0.002746000929277997
0.001736241738139618
0.005321047637359972
0.0036934193208792445
0.002269216220766938
0.0030742437822945277
0.002378133435383139
0.0008615205914619049
0.002662320960740975
0.00418113108044454
0.0035682465347511346
0.0012619684193456884
0.0018396673951080885
0.0018943653601749852
0.002757090650023359
0.0018164745229836596
0.0023440251444654214
0.005582169331492982
0.002568500132804555
0.003011877182913358
0.0008628242056647424
0.0009992249655411737
0.004226400245161485
0.004825758851113898
0.0013911338678342928
0.0021052738470231304
0.001527284675570973
0.0016437998896312472
0.002161851606416153
0.0022779607340950125
0.0006025770959321927
0.002857328716664495
0.003763522543674481
0.0015439271403203986
0.0004113020197870683
0.0005205020577277615
0.001477651392986082
0.0010800979189076905
0.0007641531041626523
0.005225821217421717
0.001447523004919588
0.0012315434099488124
0.0007241233104515494
0.001408158595132281
0.0005429322304153601
0.0023830638041493764
0.00305775802847039
0.005776407410535684
0.0020287703206067903
0.0028756651657391055
0.0006464058688880976
0.00060992102751268
0.0015897601624834483
0.001230184065905485
0.00013915399416270294
0.0003606277083644428
0.0033457285031776684
0.0002845373457027248
0.00043837170954535905
0.003713972070131711
0.0009801475701900243
0.0014717298183296373
0.002706298717276722
0.001260823071501754
0.0007246546211229437
0.0009228095681277932
0.0020379289835608747
0.00044940676554375985
0.0008344458745486483
0.0010708543478602794
0.00038563504607763656
0.0012411430284585316
0.0011490508389473905
0.0009877172411184736
0.0012370530385527997
0.0003783371501053928
0.0013711191306627222
0.0010212059659857914
0.0004148783059292307
0.0012732452524680399
0.000557188913662279
0.0007145947054444788
0.00011740732866875532
0.0032905245608048513
0.0017931955404671483
0.0004131295875470371
0.0010868223897491014
0.0005444935767570555
0.0008813676753836154
0.0005162870976010508
0.002287045080911314
0.00024132537290270042
0.0012635341886862571
0.0004957079401700399
0.0001283374692305379
0.000323232437407573
0.0009720446282711802
0.0002601826816764592
0.00043489223398832604
0.00018446097275623215
0.0008394940922839837
0.0005000530153387824
0.00017292398591199225
0.001018959931074128
0.000474917293134752
0.00013371657267705742
0.0009326399998025303
0.0007781337366225075
0.0005508734851605102
0.0006994319198080045
0.00012530330973690542
0.0007691340126968888
0.0005973671917860766
0.0008486582842897674
0.000299049199798733
0.00018114433645013113
0.0003439609085522844
0.0003699249919051627
0.00021070242020977567
0.0003240487503728561
0.0008331386850494785
0.00039492408122548625
0.0008972070989243378
0.0010366481597757307
0.000542210953808681
0.00017493403733926145
0.0006441329410452592
0.00027085169444466964
0.0005487379906930131
0.0007803676753937384
0.00020224308590987785
0.0001957198671964268
0.0005769255855451556
0.0005650977558862348
0.0005622175740831927
0.00025591671578804
0.00022766472914859234
0.0005247905881809725
0.0003366573438122193
0.00038700315434747086
0.0002277400195100677
8.362592059284329e-05
7.408815577178023e-05
0.00038285087340909023
0.0002523177715784273
2.6899658251202035e-05
0.00032321488733326595
0.00011726795598611481
0.0004580773818859698
0.0005566316699581732
0.0005113765778008275
0.0003512041055746823
0.0002992347700770627
0.00033021615604486473
0.00013148809982460453
6.908417756708163e-05
0.0002112235832635742
0.0005686232301628841
0.0004400743485064201
0.00047639122442563644
0.00030215855256241533
0.0003531185623921539
0.0005513558734841999
0.0001581257106990662
0.00020225109502909828
0.0001319710615958164
0.00036964890301477757
0.000649423764815069
0.00030860716932931676
0.00018195777334068143
0.000482287886788008
0.00026790863059544167
0.00015301724423731673
0.00043237897363439503
0.00035379445822838074
0.0003535643072373516
0.00020390862220089065
0.00018521842417450296
0.00022836926760666396
0.00019612428194238637
0.00021073146018970644
0.00023123912045982595
0.00014776091423725497
0.00015796703794979127
0.00015985709920726592
0.0001872193533830063
0.00014128528241808965
0.00021895571830830203
0.00017889418850397222
0.0001295940855525821
0.00018367600668942605
8.745823231982404e-05
0.00025067076501785244
0.00025606924653472627
0.000335226150427983
0.0003471878577802341
0.00025205588305407463
0.00034838212215476395
0.00021198859354287615
0.00025580988050368804
0.0004090671111253208
0.0002041228972090393
6.120185216384749e-05
8.29744253751349e-05
5.8324536579286414e-05
9.14841098606678e-05
4.323599892854125e-05
9.481442435455493e-05
0.00011620737116421321
8.559891407220588e-05
0.0001285578441405532
0.0001716921348299732
8.685414592297708e-05
1.7624468930345468e-05
5.628249481970648e-05
0.0001311254883697227
7.2738125111748e-05
0.0001644542714392237
0.00019428113852141288
8.979900643643625e-05
0.0001209934403655159
6.710989800838412e-05
5.6158532922893376e-05
0.00010630680358096102
0.00011537367172849665
1.4263458630002491e-05
0.00011494883861489058
0.00010101921452367869
8.988840059615914e-05
9.202881420222274e-05
6.86664764900517e-05
5.268810316937981e-05
0.00011911759046374507
1.75065000168836e-05
0.00019467892324086353
9.757321191424221e-05
0.00016978916139760288
4.3470449951229144e-05
0.00014552210490254285
0.0002125174684514557
0.0001633907945540401
7.232819045335647e-05
0.00012522361649294097
0.00016870289137829673
8.045986124155459e-05
8.263456794998237e-05
3.524714040784405e-05
9.132167827857464e-05
7.866923802697559e-05
5.9087945502588236e-05
3.3228819293832675e-05
2.60353159282915e-05
4.645382765780942e-05
2.6695788596258045e-05
2.6897413638787583e-05
4.706581162481594e-05
0.00011808260502209663
3.997750648862303e-05
4.043100580270184e-05
7.714193558555476e-06
5.927468538986151e-05
6.38963991054054e-05
6.193495225454518e-05
4.273674277157122e-05
4.0000821557883664e-05
3.4144914033025995e-05
2.1078727052396532e-05
4.952732105055828e-05
6.651663655236717e-05
0.00011553477808324499
4.587754095900365e-05
0.00012016631102857502
4.296745814329173e-05
4.052625882420294e-05
0.0001159311546383818
2.8091329316020894e-05
2.253556071984916e-05
2.2881640292740706e-05
6.893944863911728e-05
7.478396768452517e-05
8.887641126519831e-05
2.665814352915625e-05
2.649009238539232e-05
2.143743006555298e-05
5.282054279313709e-05
1.97969839280891e-05
2.6266369118263965e-05
1.2592900194929523e-05
3.0187787450646648e-05
5.9033410806563485e-05
5.0851571660058414e-05
2.2423485126572054e-05
1.8005863716459178e-05
6.312566287852257e-06
3.3622958685687094e-05
0.00011494329060087362
3.494648580551948e-05
4.196825231419915e-05
4.252771068310954e-05
5.885983094790725e-05
3.31259621835353e-05
3.0364691751876662e-05
4.662023384798833e-05
2.1725537548458484e-05
8.060035162229281e-06
4.1386622541888415e-05
2.873054672754839e-05
2.211641172894402e-05
0.0001029563054950569
3.156836302355974e-05
6.757029161964046e-05
5.1177891173042426e-05
4.049475240279498e-05
4.443258750705435e-05
1.2089940113721109e-05
4.713208744615377e-05
2.1866236441485164e-06
6.140384705727107e-06
1.0005245818910908e-05
4.84174954328553e-07
1.2763089345388825e-06
1.6160186225459107e-06
1.3557180668809885e-06
1.0231096435484129e-06
1.2938462519093832e-06
1.4020493026110758e-06
1.3119933815857046e-06
1.26867039377417e-06
1.249254296369036e-06
1.2133535095532003e-06
1.3087338587228501e-06
1.2834371843160262e-06
1.2288893160295278e-06
1.333113548655376e-06
1.2391172784382956e-06
1.2225621499450753e-06
1.1662765239444729e-06
1.4210765464329995e-06
1.3171788771394517e-06
1.1746159290418121e-06
1.2624595155674756e-06
1.2088335330701804e-06
1.2648492644742937e-06
1.3153509048631928e-06
1.2565874059516605e-06
1.246418509281355e-06
1.2499239566742642e-06
1.373541791373603e-06
1.3093097706374437e-06
1.2549166141314415e-06
1.099388202023917e-06
1.1190593858798431e-06
1.265843546830659e-06
1.3282007433799528e-06
1.245720224198297e-06
1.2353327775754128e-06
1.2326368923467336e-06
1.2502326546791694e-06
1.2690982717906966e-06
1.2664414985027397e-06
1.3032633742986037e-06
1.0981144475330248e-06
1.237855844010091e-06
1.297486158849259e-06
1.216686082713085e-06
1.1920150689854887e-06
1.1886750087036636e-06
1.2047650698491125e-06
1.163161821314588e-06
1.2235130267957678e-06
1.165317098836763e-06
1.036744349433588e-06
1.063555820026154e-06
1.0441934244021227e-06
1.264829401425708e-06
1.1145368774107901e-06
1.084755919504898e-06
1.230818232538225e-06
1.2096796933846878e-06
1.2337478387852752e-06
1.2060597396174876e-06
1.2366814326498519e-06
7.511791370463696e-07
1.141598955968548e-06
1.2223179174087726e-06
1.147912574893683e-06
1.2291277004054337e-06
1.0630078250086202e-06
1.0892241504275524e-06
1.0978110546953206e-06
1.1024907675271983e-06
1.17585958301356e-06
1.1735945524132534e-06
1.1311016416998014e-06
1.268949608949661e-06
1.1463031062805803e-06
1.3171409598643161e-06
1.194115416004552e-06
1.0081048344333945e-06
1.3301201956130245e-06
1.1544983619778242e-06
1.1635673598895682e-06
1.0808054630702748e-06
1.1832386188881613e-06
1.1248636026153145e-06
1.1470978494452743e-06
1.08888163287135e-06
1.208795222201616e-06
1.2248007853925618e-06
1.1523149807357554e-06
1.220394886220835e-06
1.0988123002977032e-06
1.1860589634348462e-06
1.1103918055840879e-06
1.2199783946118214e-06
1.017806644709392e-06
1.0751668510069283e-06
1.1580521235749105e-06
1.0686796526642948e-06
1.1432776891049323e-06
1.2375939946423636e-06
1.1354765312126432e-06
1.054128442597882e-06
1.1928440734333623e-06
1.1834161319671155e-06
1.147923130593392e-06
1.1217106014531874e-06
1.1914648783935989e-06
1.104327688044346e-06
1.1048788735388537e-06
1.1712480208603875e-06
1.197448676419567e-06
1.0780573079063343e-06
1.1714019422471303e-06
1.0926860060115965e-06
1.1002180373789303e-06
1.0268465647788106e-06
1.0971581562607056e-06
1.198026156305918e-06
1.1439081433040587e-06
1.1502099942782396e-06
1.0785957270756538e-06
1.1884806678879347e-06
1.2250673057921022e-06
1.1127321240453497e-06
1.1564706636506726e-06
1.1830952305059233e-06
1.154496032131891e-06
1.2218280097053984e-06
9.678147177667901e-07
1.173085762567252e-06
1.1470869087519952e-06
1.0276204409271467e-06
1.1871989697169785e-06
1.1436813374969863e-06
1.2182842581571688e-06
1.2545082847413309e-06
1.2306680306108666e-06
1.2966373598712633e-06
1.1640327867552848e-06
1.1399403218349758e-06
1.1388884662787379e-06
1.4817481036470974e-06
9.463030732981626e-07
1.1776847483338603e-06
9.287540617981176e-07
1.0468092169863733e-06
1.2639381856740966e-06
1.1368418460885296e-06
1.1235704027064716e-06
1.1832080122821594e-06
9.992377586098528e-07
1.0925543729759433e-06
1.097191665017906e-06
1.2429093114109304e-06
1.1575064370241878e-06
1.0686915268278362e-06
1.122211851808704e-06
1.041743388594344e-06
1.2318039652960125e-06
1.0903816224273175e-06
1.068572650092921e-06
9.251304102433296e-07
1.041644735926611e-06
1.0941321051423775e-06
1.1930300471685825e-06
1.279353581294098e-06
1.267949634212471e-06
1.093290588034069e-06
1.0084009089526809e-06
9.846253015072174e-07
1.041688456901822e-06
1.2911078425325452e-06
1.153399099167581e-06
1.1602789560237398e-06
1.135382392686245e-06
1.1061109587897179e-06
1.245846615337321e-06
1.1134290259194042e-06
1.1852267711622796e-06
1.137125033035517e-06
1.2075547056668909e-06
8.676014488484336e-07
1.1007811760243497e-06
1.0981871841161208e-06
1.1683460780461923e-06
1.06630151251202e-06
1.1809818657619343e-06
1.136400690444437e-06
1.107803491702623e-06
1.071400704038062e-06
1.0750307959492483e-06
1.2120331817528482e-06
1.075729908870415e-06
1.062196224054914e-06
1.1619847304884868e-06
1.1793076944903165e-06
1.1718742172615e-06
1.2435576839427063e-06
1.1481123473145494e-06
1.084448458860492e-06
1.1302245222762518e-06
1.1418118750232996e-06
1.1889194048792903e-06
1.1649195135831712e-06
1.1891889245244348e-06
1.2130361414233204e-06
1.257620050315909e-06
1.1028385809555983e-06
1.2297351328274447e-06
1.1366915792503729e-06
1.2706235331465887e-06
1.0437923392020687e-06
1.099239865459212e-06
1.0425077274942562e-06
9.582214349253115e-07
1.1069706326159924e-06
1.0878086770145664e-06
1.1524782376045282e-06
1.1679605572409343e-06
1.0334677098558065e-06
1.0694761352617696e-06
1.1763513400764222e-06
1.4024247354101308e-06
1.1686377450795058e-06
1.1650316177284518e-06
1.2890844485743489e-06
1.1373946795348054e-06
1.0037626420329297e-06
1.0261916957251376e-06
1.0024277495527454e-06
1.0110484350881511e-06
1.2770654670086656e-06
1.0538772429950945e-06
1.2268491298412616e-06
1.044114703602905e-06
1.134889216925383e-06
1.2947051813942436e-06
1.1839314939843982e-06
1.0860932179265098e-06
1.2150329787088933e-06
1.2167940330340683e-06
1.2646263254512126e-06
1.149794416295915e-06
1.1565643620577022e-06
1.1569588598592406e-06
1.1393974731201013e-06
1.3234857382941509e-06
1.2433540854130738e-06
1.1516662157964315e-06
1.0173028378007788e-06
1.2653316336950958e-06
1.1516724460993366e-06
1.0942744285075763e-06
1.2651943030599377e-06
1.0232508899869031e-06
1.3297345346167946e-06
1.2016287926766066e-06
1.2014105722224578e-06
1.0744135221672286e-06
1.3024197658058663e-06
1.1505130339591456e-06
1.147470158985067e-06
1.2558751158568259e-06
1.1783993935082378e-06
1.2931726889257606e-06
1.0631478952108244e-06
1.1723900926914961e-06
1.1623180679911726e-06
1.2170384645600247e-06
1.1714791844406301e-06
1.2492849134356808e-06
1.1782498789527768e-06
1.1814268093689896e-06
1.261462646686426e-06
1.3176519694461725e-06
1.3475920881774366e-06
1.3074636904217963e-06
1.2973563632669264e-06
1.0472404230850295e-06
1.1602571271377002e-06
1.3390351741869585e-06
1.4136406732817924e-06
1.277442454061691e-06
1.2612005344655625e-06
1.2040925588961248e-06
1.2992160884284914e-06
1.4114791237357107e-06
1.2800970377352756e-06
1.3578854944657784e-06
1.2027112643817378e-06
1.3518355683109358e-06
1.1488933339135212e-06
1.2174615730394595e-06
1.1300252871402895e-06
1.2780447806312372e-06
1.2568052394547775e-06
1.3706791793204872e-06
1.3213900142984698e-06
1.2199152995519712e-06
1.3071770740898717e-06
1.3311022604324732e-06
1.2015382384729778e-06
1.4076978442867663e-06
2.1854660403866453e-06
1.9706585489501995e-06
8.135872504386257e-07
8.652752701213877e-06
9.474390714143349e-06
2.8334970387534294e-05
3.508160130886582e-05
5.501603595086896e-05
4.186255177556204e-05
4.4534638356424216e-05
2.075539015740141e-05
5.06879456631286e-05
7.476499361803093e-06
5.766374706401669e-05
5.164673451418194e-05
8.260033667533083e-05
0.00010237427617615374
2.4229157026735322e-05
6.068976684893332e-05
2.3547844743227757e-05
3.3317733187069244e-05
6.186230194314107e-05
5.9962888245972624e-05
4.851084672593874e-05
4.21916277858492e-05
3.5334810735531515e-05
3.8618925775518544e-05
2.963082542850102e-05
4.9359772019843696e-05
3.218025166394943e-05
5.763718795703993e-05
2.7061986162163968e-05
4.245339701763619e-05
9.638709565798907e-05
5.2123828378609627e-05
1.4579529903965394e-05
2.3140392156182444e-05
2.5290098867565854e-05
0.00014050235307692596
2.220919901955966e-05
0.00012044664612909887
3.818452497569647e-05
5.8984773352448794e-05
1.54834586663529e-05
2.8964950576927684e-05
8.603517905351422e-05
0.00011243045572808716
9.950386668129189e-05
9.702745138418866e-05
7.129221525952278e-05
5.622032786880256e-05
2.4667047649291e-05
5.1003502618102973e-05
8.741806487939573e-05
3.721852919818717e-05
4.134280944464817e-05
4.230531449432883e-05
2.9442071611150255e-05
4.45739456486766e-05
3.485569735318134e-05
3.623794073366869e-05
1.4684286677781095e-05
9.866761783983037e-06
2.6711177364516322e-05
5.5798761354865746e-05
0.00010085519312877398
0.00010087241222712366
4.0052980868235953e-05
6.7144780894007375e-06
1.5446670136116565e-05
5.417784496551221e-05
5.517325166625296e-05
7.98223567030885e-05
4.690348151194718e-05
0.00011069069678326044
0.0001618744965248337
3.7484598955928416e-05
0.00010416816622082525
0.00013065820872628213
4.4743110816562925e-05
0.00016423136250077555
0.0001154955040418982
9.645577440335505e-05
1.1175566794220366e-05
3.0323415446587597e-05
0.00021196514758677182
0.00013724806592726817
0.00016883252046816666
3.677302365186712e-05
9.287796232047934e-05
4.3470950225712455e-05
8.641694000505254e-05
4.1611973626919056e-05
8.689369155397814e-05
8.976804543443807e-05
0.0001454944891923591
9.118835168421762e-05
5.9830391525258e-05
4.275440465803775e-05
0.00010367208846210485
0.00010327817270662345
0.00013490385739223413
0.00015850923884288854
2.6556605381046956e-05
4.382112586977527e-05
0.0001551012282124554
7.015209296817972e-05
2.501830483081406e-05
6.446379738306254e-05
0.0001268881588779442
0.00017292578584813913
0.00017982021814272987
0.00012520575674514827
6.356782305863315e-05
0.0001611400066518108
0.00014563534940612315
0.00014067648945918337
0.00019632514235796468
8.184552088182715e-05
0.00014235718839937777
0.0003362125246821226
0.0001353992844360515
0.00012874725404588998
0.0001781891515582643
0.00024443343831484054
6.829254643439753e-05
0.0003374285385373467
2.484241856620173e-05
4.8608257906093054e-05
0.00018084589949672917
0.00015730670224847735
0.00028980902696266645
0.00029758969483043924
9.854100007078008e-06
0.00018691152155374914
0.0003629753046256265
0.0001741073770142257
0.00011060745577374788
0.0004667107854427866
0.00017475513612705078
0.00027276756747996085
0.00020089223280474148
0.00041722560591442775
7.779802486408928e-05
0.00014781845641964936
0.0001175708117434606
0.0002852995565227442
0.00015931631888748681
0.00021561054767054935
0.00025363332994126985
0.00030587119638500997
0.00027867100913603966
0.00018150317188593874
0.0002586925708913738
0.00022310982675390336
0.00013535458932524878
0.0006077316407586677
0.00011791738348608718
0.0002588611461406321
0.00015250148321109238
0.00015802253726679335
0.0005151119493969625
7.77089500112575e-05
0.0005098916638263591
0.0003027397128284462
0.0002380648145978494
0.00010627722188799425
0.0003244245976008365
0.0003776273853037386
0.00019969243503939281
0.0002382801825866024
0.00034444674011175356
0.0005021371436466441
0.0001063801521975329
0.000343311481204563
0.00017203503501221246
0.00022875410465761137
0.00017465843582901207
0.00045767772300202053
0.00023192902938120393
0.00031643504253622677
0.00041443026138509795
0.00019651760023799134
0.0004669548976633024
0.0003619149690386503
0.00027645861588959745
0.00016547546719061136
0.00039983371233013595
0.0009556271650216585
0.0005161126756201514
0.00024338864640812563
0.0005330615724531492
0.00031532470117884623
0.0005163255390513453
0.0002602048223104111
0.000493188798029545
0.00039554767741705187
0.0007124871265439984
0.00033188176102514727
0.0004671355304341846
0.0009270188901794953
0.0004976719121794241
0.00018693404828662476
0.0011526272057421432
0.00023156793184675808
0.0003495482625033621
0.00139583886347238
0.00041287464088975764
0.0005438750549349723
0.0010331207403694027
0.0009279125782651535
0.000592557538220731
0.0001744030871778823
0.0003289401203833675
0.0001258128759479548
0.00010880235836388359
0.0013870836989563894
0.0007302336716983102
0.0008000255230119182
0.0007723117400924485
0.0013842268565258677
0.0007544112767826445
0.00012883078866148418
0.002460224469750159
0.0004301754225051681
0.0003990010570394045
0.001019856428849981
0.0009143603505433401
0.0008410240099626929
0.0010123975055375985
0.0014285691958108718
0.0002716556204887514
0.00046552350643554635
0.0006629061286217614
0.0006342562608131254
0.00011804403039876603
0.0025189185298848792
0.0007539002323639507
0.00022616980243341133
0.00023943113136386756
0.0016543440999052328
0.00034532005888634115
0.000512815045131224
0.0023630074645818555
0.0007951593308925212
0.0003940210857276858
0.000724161442824411
0.001003845316511142
0.00095575690240838
0.0008829828536883717
0.0008665149272494407
0.0020173690120938435
0.00047896424853596765
0.0009273399779968258
0.0014809073245625201
0.00042377002327751914
0.0006640413817213392
0.0006073143791845238
0.0013740811095398274
0.0030791556445512952
0.00040782046104670324
0.004785313553179309
0.0008580328571598796
0.0005853468966773727
0.0002619683179985519
0.0019294670243077854
0.0012853294482224403
0.001424577269141634
0.002235879851199537
0.0005412973999262047
0.0015495842685140648
0.0025157415413974054
0.0013946139620648645
0.0006763706679959931
0.0013332166989355242
0.0016249484130071352
0.0016488926770126331
0.0035138417211730564
0.0013463286352445299
0.0018283080515960066
0.0028331895906994592
0.00778631706140243
0.0019135562200242762
0.0017013260790939369
0.0010822533814644798
0.001091534371659328
0.00038426764015073975
0.004201105816462678
0.003550773814562846
0.002170741748094083
0.0015398076774360036
0.0017392647778229071
0.002450220853385684
0.0019433379411304408
0.0024477977722935137
0.002323396983445863
0.0037956957879604703
0.007245627478057387
0.004458527950380951
0.00034634938527584777
0.001724175580578295
0.000675966800832342
0.0007109898709285478
0.007739205374993762
0.001971428525774742
0.0007339817740490322
0.004934042554921498
0.0017040690769544256
0.0060922341264694445
0.002919428597545863
0.002448671972855504
0.0005041255145552065
0.001044306791361538
0.0015886987576599677
0.0063378976532880325
0.003309520639278633
0.0023021303098383263
0.0067238600493129946
0.002722032117611628
0.0018144803351319628
0.0033134717151912384
0.002255206002925015
0.0035718430700405605
0.007737156568593809
0.0014970891834866383
0.0007315154356953095
0.003377949911185092
0.0037185639461687274
0.011551156144078529
0.0023279874829138366
0.004233077836352658
0.0035489331530302263
0.0030797755342424366
0.011733660911924498
0.05368461879303419
0.004124109958383263
0.00448495428257458
0.02142871808513955
0.021519413919807405
0.0017926375043013055
0.005361397768433077
0.012214989021917234
0.003653278650878205
0.006825489849591905
0.016663529938075357
0.005603440067233352
0.001934090240669605
0.009444739114925613
