2.877823866859865e-05
0.0012338493234005177
0.0043769291184582605
0.014360915299936786
0.008769607581760562
0.055789880751369564
0.016671463015399235
0.003210565171168181
0.001904497923641058
0.007149632437166131
0.017302026548613743
0.012368703953243458
0.01389588934369955
0.005664717776051189
0.007899045202005916
0.019106588036635716
0.004148761196153351
0.0017786124287684675
0.010176126666189559
0.002246666558018956
0.004230395629352601
0.0021407242173252477
0.002296180647318192
0.004647114802132689
0.009561320921972555
0.004949402187996318
0.0019339719973144368
0.0031773267398381407
0.004737451820663837
0.0024416719169610473
0.007112934629281503
0.0014102959916280368
0.00544865512615622
0.0060682052619102774
0.004099370544327985
0.007315953468947867
0.0013075359872807436
0.003378838902303151
0.0030094544130661515
0.002661732390161153
0.0035462542802273045
0.005161032146063886
0.0016040848492688544
0.0015821747198472643
0.002258495793997848
0.0016305315856092696
0.0025333714080169748
0.0007227180100476367
0.0030252653640893672
0.0007225887609491333
0.0027788953475212787
0.001408957192791323
0.005323662041390854
0.002693929742756107
0.0016162152749926014
0.009650928491625322
0.002123949210067647
0.001583775422256786
0.004261744788153715
0.0015010651515242374
0.002111014193687051
0.0009701528561829679
0.0010621859408458916
0.0065893525567384875
0.0014002424627343215
0.001108697348705483
0.0009319439363577911
0.0011979648821396735
0.0006736002353321095
0.002372240968267035
0.0004977981271579332
0.002735779908117824
0.0022713209306929093
0.0012860380262901523
0.0004354686119921467
0.000804719666382251
0.000855738919766812
0.0008805420716786497
0.0023721136047843094
0.008926908340867186
0.0019130151209687063
0.0003724772297523224
0.0018990631731649506
0.0018940663589917684
0.0022960975282963867
0.00142679540055513
0.0009594395156012487
0.0017017915057083045
0.0005232942576588089
0.0020289723053418984
0.001482754684906953
0.00125961290235656
0.0017454970301603505
0.0010362487119298103
0.0015997208370890608
0.0013778113039137735
0.0031236122799000684
0.0009985280905003301
0.00109542694647807
0.0011116105379485445
0.0012595460765100549
0.0018150017991133182
0.0016854325571522993
0.0017844544928724392
0.0013090765696555917
0.0012371924013789895
0.00025628119484039693
0.0007005447741169505
0.0005359908770190876
0.00019221590491883719
0.0016250404836190395
0.001415620546420075
0.0007765911682110385
0.0002499304743150531
0.00038972565796344377
0.0025302986665842212
0.00037635818558768045
0.000442262737229981
0.0020474383649293666
0.0019700324974932116
0.0004767084811547906
0.0008906072136854338
0.0018742494901073828
0.0003737019970181876
0.0004849045842577199
0.0008441296168649989
0.0009853270996466007
0.0008282927640934811
0.0009628711506160364
0.0013449295275923018
0.0018592110135961816
0.0015173353097253817
0.0011265876336854768
0.0014635039242967603
0.00029050631000916135
0.000995328688783042
0.000402257838913194
0.0002629617461173674
0.0005822125360530648
0.0010616790101639257
0.0005598243688978171
0.0012346001193667944
0.0008462077735865275
0.0006520630271054862
0.0006952509676319665
0.001652493005948186
0.0008516600557415757
0.0008765273262431046
0.0012937149430266302
0.000888844692064396
0.0004753802292871001
0.0003847975554484426
0.00027387293053301754
0.00045904623963997237
0.0008376245612108812
0.0008250014425360062
0.00016582518902216894
0.0001758571984789673
0.0003147340058909245
0.0007891486490754927
0.0006751854474500799
3.0771697486879736e-05
0.0003532368125249189
0.0002927614360563939
0.0003882208948460062
0.00035127321693849054
0.00020400235355558095
0.000324791989147549
0.0006278116990768094
0.0007669096875583473
0.0002653473896234344
0.00052209234124511
0.00038706921617832777
5.896734871170273e-06
0.0004240123251540262
0.00026786652809764093
0.0003679959779477141
0.00043582815396472235
0.00024754790319574707
0.0004155829217554147
0.00031098051663944296
0.0006306805518019531
0.00010637610791753778
7.184521813429009e-05
0.00016679706360450133
0.00025399871538379725
0.00024644177081719433
0.00044994730021826113
0.0002351554806702574
0.00021285856579326344
0.00024342070767218978
0.00015602731909757322
0.00026625710710198906
0.00021039198204187147
0.00037590865951699667
7.433127205635682e-05
0.0003284046933360727
0.000537167619779527
0.0002010508062102966
0.00040949502883980105
0.00019711758279735943
0.00017128811261149212
0.00013610078751483264
7.950836182696649e-05
7.434178703333744e-05
8.787663905389136e-05
0.000155457097988605
0.00027164687857152793
0.00022892799686605612
0.00012410717860161528
0.00012642430915917854
0.00018343254889066204
8.353923198876318e-05
0.00034555279483701673
0.00012987724076576852
0.00010209624208044599
0.00016286955331306548
3.819226104518016e-06
0.00011820947919657682
0.0002357687006654933
0.0002224330306897019
0.00025404073226150753
3.403966868090401e-05
0.0001478704623988153
0.00013675575100381636
0.00035208143901039105
9.470104334905187e-05
0.00021174098460481953
0.00013834456726566726
0.00011002541998245287
9.305515500157404e-05
0.0003163511157787617
0.0002073025341831032
8.867911363845712e-05
5.078377024953687e-05
0.00011883233440504847
1.0480259291032723e-05
0.00012016806297364796
0.00019949142815995705
0.00012355469691855247
2.6418428432446367e-05
6.637710297901959e-05
5.4633755034414124e-05
0.00014762822174192142
8.816581300074139e-05
0.0001625483214671354
4.881802722086742e-05
7.949133314107751e-05
4.1732536631385744e-05
5.375883058674447e-05
4.592068338552226e-05
0.00016543429519748918
7.767576900818431e-05
0.00013529798096564694
8.407047096360512e-05
6.945393136026133e-05
5.21227917526085e-05
0.00018112348176115746
2.3542440491216405e-05
0.00010062372416138967
4.516126399016661e-05
5.7965054506014995e-05
6.0322901551276134e-05
7.641509410198907e-05
2.1558173889287226e-05
4.912373909969919e-05
3.5054285513586284e-05
4.5740620315985616e-05
3.667156811979357e-05
2.743541634979471e-05
3.189746508219257e-05
7.575451241501396e-05
6.14316759185255e-05
3.530065775611096e-05
3.822642801183076e-05
3.305556757708195e-05
4.331386996344654e-05
6.83877433019044e-05
1.629061278217886e-05
1.5682260574754103e-05
3.828319366484787e-05
2.22820045959494e-05
2.8672125878866978e-05
1.649298340207667e-05
3.245807658933525e-05
3.132014934856983e-05
3.3106107248079014e-06
8.500738076305462e-06
2.908269411339618e-05
1.6052931580387353e-05
1.2770536397169406e-05
1.888274615164347e-05
4.791269448463972e-05
6.3711713032786e-06
1.635480419815237e-05
2.008861047201159e-05
2.9072522138739918e-05
3.646497191473646e-05
1.7478815963974415e-05
1.564283286875827e-05
3.0542188749119795e-05
2.372343458873766e-05
1.0146334186737877e-05
4.049256492585086e-06
1.5118935224992236e-05
1.8281275321959092e-05
2.6189085783293642e-05
3.4627509190015798e-06
1.02634019970595e-05
3.503055880589631e-06
1.6097209085653388e-05
1.8244595540556977e-05
1.2457714516344948e-05
2.3295002676559234e-05
1.2274085670815563e-05
1.4016528148966719e-05
1.3881878081553367e-05
2.4006603549731186e-05
2.831496608015543e-05
4.2837947283448855e-06
2.140278433814342e-05
2.3652466539353465e-05
1.8164412148918666e-05
2.27425061559766e-05
2.759179629856734e-05
3.113801291377673e-05
2.7793377387574407e-05
9.634950945412397e-06
2.7181618406199644e-05
1.4707457348912124e-05
3.3489072165656784e-06
4.381964355557018e-06
2.4486373712187676e-05
1.5616970846631048e-05
6.501153165419288e-06
2.016390804699527e-05
8.8690678055664e-06
1.6603620774513747e-05
2.442834180845734e-05
9.76534323471845e-06
9.283342110777308e-06
3.2738729652420623e-06
6.23656073777438e-06
1.9557393861116318e-05
8.798757646506091e-06
2.3186651183733046e-06
2.281728183532095e-06
9.723214143178074e-07
1.2251610931440106e-06
1.1715860627888257e-06
1.0782080211492816e-06
8.713819937793223e-07
1.3492161013859715e-06
1.537551403972262e-06
1.2063671343490597e-06
1.318460194549046e-06
1.142840189666746e-06
1.2715386012423016e-06
8.037068532338255e-07
9.519761297974588e-07
9.699488045734877e-07
9.053723415504619e-07
9.595446143938965e-07
1.3616910061732902e-06
1.1096476870147517e-06
1.1240532784777762e-06
1.1312527435502486e-06
1.0668127410244897e-06
8.955278268698425e-07
9.458278194568257e-07
1.1556080229418344e-06
1.2429787836372004e-06
1.0921901633559731e-06
1.0139552097828416e-06
9.431795044590397e-07
8.744295027496863e-07
1.151263501708445e-06
9.066835390846981e-07
1.3134990160001e-06
1.2380577570309565e-06
1.165843711389218e-06
1.1054891548556685e-06
1.049804345252612e-06
1.0788435820581222e-06
8.748481765293774e-07
8.434157336537051e-07
1.0655731718861762e-06
1.1620849869731166e-06
1.0343227218926306e-06
1.1975828375328793e-06
1.3238861321371014e-06
1.16294777967345e-06
1.2561131691904248e-06
9.478770147359056e-07
1.0311988983538933e-06
1.1412498966592603e-06
1.1039186213233887e-06
1.2757388442407592e-06
1.3650065847261698e-06
9.300228147866231e-07
1.054911058640338e-06
1.2727622119926211e-06
8.78341461098003e-07
9.665982992731966e-07
1.1614118002376398e-06
1.4996329785280177e-06
1.1868649087008162e-06
8.926007056460798e-07
9.801032026989366e-07
8.948338343284347e-07
9.972459232254279e-07
1.0209622139460199e-06
8.982936673762885e-07
1.1568672432132687e-06
1.074811519737421e-06
1.104812393270497e-06
8.788875511214949e-07
6.742821346150458e-07
8.659102410445579e-07
9.779001117104615e-07
9.144767760899611e-07
1.206535827426259e-06
1.0543534685189862e-06
8.348230726926998e-07
6.926704725580169e-07
8.80057549265169e-07
9.756801265808608e-07
1.037382562586991e-06
1.0225423482375746e-06
1.015352147201542e-06
9.273572879806545e-07
9.18288810824667e-07
1.0604773074032372e-06
9.539392996557609e-07
1.0745825009989954e-06
1.00811345093792e-06
1.1476288258290704e-06
1.1823234035550261e-06
1.0496464651463203e-06
1.277132118221726e-06
9.96476100514765e-07
1.1992131896152112e-06
8.752968013954673e-07
1.0361936658013774e-06
9.104915743761624e-07
9.726574933844114e-07
8.370167757509783e-07
9.78946148853622e-07
1.3103994000295103e-06
1.194549577176769e-06
1.0750691868570446e-06
1.0760812224696307e-06
1.0768749319757337e-06
8.675023692178445e-07
1.111468412145845e-06
6.895924160134851e-07
6.0577647323375e-07
8.722588838174966e-07
1.0062687329516264e-06
1.209248382565331e-06
1.1068438483355298e-06
7.992257502649228e-07
4.5266312624156473e-07
1.3341487322611864e-06
1.0294970846337935e-06
8.485591667943129e-07
6.90096861946436e-07
1.1575476072384418e-06
9.850104074922522e-07
1.0008824669510703e-06
7.245408998096238e-07
8.954838982360321e-07
1.0881801671401807e-06
1.133552014476524e-06
9.608024363442316e-07
1.1117321662884946e-06
9.979772625104906e-07
7.867674901241283e-07
9.737564667029308e-07
8.40247408952608e-07
1.0852229816579015e-06
9.282362905618644e-07
1.128219236546727e-06
8.899163746463919e-07
1.0032212213889366e-06
8.604645034551051e-07
1.0275088778478038e-06
9.256178505146613e-07
9.573650594882054e-07
7.50056019654981e-07
7.376097154230409e-07
8.334867742064391e-07
9.188495110630191e-07
7.289087787964229e-07
8.844966913376759e-07
8.43754278119624e-07
1.0311207297625146e-06
7.91935211423028e-07
7.642534419943374e-07
9.413001778217001e-07
8.16248077864414e-07
8.103485857393184e-07
7.707827957754138e-07
8.351249198252216e-07
9.463308479186716e-07
1.1038937539572025e-06
7.482604394454182e-07
1.003747068067655e-06
1.1629136338906798e-06
1.1540544262888166e-06
9.736658099875922e-07
9.577387377714333e-07
1.0036300386236309e-06
9.568768282634318e-07
5.767539313165246e-07
9.038287852300919e-07
1.181169974251884e-06
1.0928760770953948e-06
8.906682188395647e-07
8.837984472595353e-07
1.127779852781778e-06
9.018836018672419e-07
9.519326577671617e-07
9.721204468173421e-07
8.898764958510583e-07
7.884213186172206e-07
8.275483523072053e-07
1.0739513718834936e-06
8.695183692156794e-07
9.003604690342119e-07
7.756771493879415e-07
8.173778885825008e-07
7.239524347758745e-07
1.1313858660050878e-06
7.251358968140143e-07
8.871140358285504e-07
7.412371379176554e-07
1.0170287926985765e-06
9.81083490398765e-07
9.700622546334645e-07
1.4549728500070848e-06
1.212604495497605e-06
9.033648697257934e-07
9.388489450585841e-07
1.1470138045627438e-06
9.212990665999153e-07
8.042547786888143e-07
8.307060460164342e-07
9.058467412686106e-07
9.635779689861802e-07
1.0668914715893257e-06
7.970422697813849e-07
8.357900944433433e-07
9.5985023765545e-07
1.4161752378689967e-06
8.28529188558591e-07
1.1632114649664796e-06
9.043670569153831e-07
1.0656366248932707e-06
9.333591599824862e-07
1.0727991489963727e-06
9.191403407459108e-07
6.664236446562905e-07
1.1536285659364722e-06
1.0298977818044829e-06
9.558187421180184e-07
1.0952597734245355e-06
9.198048722162125e-07
1.4864610302439048e-06
8.753721778794335e-07
9.636172913366853e-07
7.910549812543253e-07
1.083932872413171e-06
1.0762877291062122e-06
1.156666069639209e-06
6.288404416574371e-07
8.834112078567592e-07
1.0437893713851043e-06
7.795327439785692e-07
1.1280342983466264e-06
8.082158345734433e-07
1.320523019564192e-06
9.050631501459295e-07
1.0761515375108577e-06
1.0925637972678144e-06
1.0833386388663979e-06
9.598961457479434e-07
8.753695643147897e-07
1.0335376037839314e-06
9.326086154684178e-07
7.258328945902551e-07
1.1021757735983342e-06
1.3706024122756801e-06
1.147763641522087e-06
1.0260922955545513e-06
7.414199082873573e-07
8.750967240320219e-07
1.2867976005720978e-06
1.401563397477565e-06
7.952297396774467e-07
8.028638621054625e-07
9.632469633467058e-07
1.2332691742549274e-06
1.0524868278050403e-06
1.1047396514593188e-06
1.4844655645621025e-06
9.66825933297541e-07
1.1220375726168868e-06
1.0903749703976407e-06
9.957069515516842e-07
1.125347806819658e-06
9.437591489647778e-07
1.145136876070611e-06
7.075721082391383e-07
1.1414638453469833e-06
1.0460815180167074e-06
9.283774044490212e-07
1.2319535231216169e-06
8.242265445297836e-07
9.300564138933398e-07
6.317904834895148e-07
9.919843033914195e-07
1.1450258384905498e-06
9.4889388807946e-07
1.259345374008913e-06
1.1772351331743099e-06
1.3099934009446507e-06
1.0333271068982742e-06
8.577915928065625e-07
1.2391569707046028e-06
1.052061336847064e-06
1.01546114509328e-06
1.0739948259092697e-06
7.78988144335098e-07
1.2970027368937214e-06
1.3456954871315371e-06
1.144577386351665e-06
1.0692798277864682e-06
1.1713521585182014e-06
1.1566051594926585e-06
1.2575295838091093e-06
9.146460566985413e-07
1.052915279559504e-06
1.171314962349366e-06
1.164909547208208e-06
8.245497950264656e-07
1.053204553317681e-06
1.0822879361426385e-06
9.256532201298492e-07
1.3371146258141237e-06
1.1032554892099215e-06
1.1920243551109862e-06
1.1433432217520957e-06
1.2192200622941354e-06
2.794575778273359e-06
3.3726891373576764e-06
1.1540809416473577e-06
6.053177586728081e-06
6.800219271405492e-06
2.2579647406720645e-05
7.709702895180086e-06
1.0706580483790703e-05
2.4415471166562914e-05
5.490567655671007e-06
6.568984908764378e-06
1.362157041145822e-05
3.2454840794221035e-05
4.3279772744146525e-06
1.662845573403403e-05
1.4661706318696574e-05
1.6789031782683532e-05
6.314760307663072e-06
2.3873190992513695e-05
1.6009183315442916e-05
1.6652762326832393e-05
1.3055952475586947e-05
1.5774425591583336e-05
2.992821075961821e-05
2.659058223428744e-05
3.4134376272810756e-05
1.0788528527010058e-05
5.816580491209236e-06
1.2701902962478696e-05
1.128027825146695e-05
2.9618515878902205e-05
3.106905754203918e-05
4.307255812170168e-06
1.9429478619308618e-05
1.6109073537192626e-05
1.237651804073196e-05
1.1200133079604407e-05
9.45401929345504e-06
9.909902612317351e-06
7.156208650756899e-06
1.8389226129614524e-05
1.0796804980975052e-05
1.4314583608162133e-05
2.688052771426349e-06
1.6070062615530667e-05
4.015057200030409e-05
3.561758475389815e-05
4.7181021602772415e-05
5.5078454540359084e-05
3.111464526980656e-05
5.016846072248249e-05
2.1343720451102946e-05
1.4798650581082717e-05
3.29663738075809e-05
3.9947700612683377e-05
1.1113975872715085e-05
1.8041974532017654e-05
2.8961132494919708e-05
2.7451332806594632e-05
2.9395550941604762e-05
1.3453513890542997e-05
2.1709933081723898e-05
6.651553104192121e-05
3.327161482147521e-05
2.8035959505223618e-05
2.9132767134719408e-05
4.559631767135409e-05
2.6506322458547694e-05
2.5498844748669692e-05
3.9294201433523555e-05
4.638743645635461e-05
3.847481041885e-05
5.4877823967040976e-05
4.088216768854611e-05
2.244765109407843e-05
2.0759895258066237e-05
9.436240365529962e-05
5.747051454054956e-06
8.630290125487715e-05
4.882179990429308e-06
6.051606549606572e-05
4.436420130551888e-05
5.1827178888239424e-05
7.428193292580829e-05
3.32140902664108e-05
3.912546442786763e-05
9.163284896393909e-05
6.929325421426305e-05
0.00011657776918302963
9.470339494200834e-05
3.9900335918196756e-05
0.00011703268566128528
7.086210617768943e-05
8.243858238254415e-05
6.989042609786074e-05
7.463713642037619e-05
5.158288220527112e-05
0.00010239071520558738
4.265569939772309e-05
0.00014285946213864268
3.725423983830294e-05
2.6837234659411206e-05
0.00012858272367670992
1.617220763206239e-05
3.3695023779890446e-05
4.79160644257818e-05
6.31302710023232e-05
0.00012485221106562147
5.727720430789598e-05
0.00015608380362027864
7.650307510795178e-05
0.00010332488893798589
0.00010006941595686394
0.00019009848060449263
0.00015464500931346885
0.0001422404292474317
1.7083160778287943e-05
4.733834178978725e-05
0.00016374378156509378
0.0002053680809262832
0.0001530187593689889
0.00010815849829776117
8.905588134985743e-05
0.00015077779450746847
0.00028082934087442614
0.0001631487743888777
0.00011613922033179278
7.532258738158821e-05
4.1577148484067623e-05
0.00016370458882142622
7.322580050170548e-05
0.00012483462540387725
4.324077164477039e-05
0.0003799950305698499
0.00010764337869052276
0.00033454633146312915
0.00013961751600027251
0.00018234490386443726
0.00017955253304085536
0.00016429431679821908
0.00010269323932004627
0.00025953980194904985
7.659551483593988e-05
0.0002587544071998499
9.167939361926427e-05
0.0001122200458062363
0.00010519119453976433
0.0002528532977563349
0.00023000440591188385
0.0005047571246350759
0.00011870129685165495
9.972369555533706e-05
0.0001682957361376932
0.0002030332663928464
0.00013964776192236373
0.0003883083248040826
0.0002451753936221693
0.0002443634375557912
0.0004602330603955418
0.0004622235771914114
0.0006988519275792004
0.00028763977009696625
0.0003916459536961066
0.00028822929199630824
0.00026581691158345563
0.00030328970358010524
0.00030445989478150755
0.0005835604083275255
0.0005138010991213928
0.00028693787052090755
0.0006192055443808177
0.0001503734504471454
0.0005128980577980747
0.00018464811378632158
0.0002474119557375006
0.0004271317069887061
0.00017551697634926935
0.00046647891097426986
0.0005141422743700674
0.0006269224237637783
0.0003014810418566366
0.0007452858688395957
0.0004454261385039804
0.00011864857124047538
0.0004345179762648074
0.00013588664665360227
0.0009863387521010232
0.0003536865249911938
0.0002523413282046404
0.0006380187267102312
0.00025603537773059555
0.0004735875342917379
0.00076475534485943
0.0007687183519314854
0.0009091386244072566
0.0004824980334219311
0.001052628291096482
0.00047490457967789337
0.0005757737226195536
0.0002843074328222232
0.0005306843632883327
0.000854623963161675
0.0004415548881678397
0.0004579530629042068
0.000905726472167755
0.001018427655909488
0.001123650267974608
0.0009995583104920513
0.0004823888379323777
0.0005461495774165467
0.0008888405949022869
0.000518365877777953
0.0011257554540726993
0.0006669494502725561
0.0008789284939621426
0.0014043344282526425
0.002098492677864986
0.0012707009744513356
0.0011831540120368458
0.0019608334508820578
0.001475012521759793
0.0009091368478457588
0.0014644060549871257
0.0007096478846264725
0.002953982821457408
0.0007257259811374511
0.0003527645303140661
0.002567652350181611
0.001300846993109677
0.0002997727093199012
0.0011974794155195825
0.0010218693401279468
0.0008680828733499272
0.001779264220155685
0.001109577173911415
0.0008983114419014844
0.00017748208020625458
0.00020004162642399493
0.0008873874591354699
0.0009086082833679226
0.001552436472962701
0.0005903145235510016
0.0018214822876120515
0.0013207612632092816
0.00015327876694950677
0.0008983896332804195
0.00013469445713133312
0.0005241048169995988
0.0007670643104124865
0.002177830121946045
0.0037887945009524486
0.0017651879674962254
0.001253597020370257
0.0005226828201687837
0.0013573563227825618
0.0010333526654747662
0.0014991009557146933
0.0010123867617193416
0.00045842691005776147
0.00189643543001587
0.0011017156342839048
0.000509569413098305
0.0018585017245783195
0.0012854195068401012
0.00120670697811966
0.0005070997492616545
0.0013867565257499677
0.015989899050100485
0.000612854604615515
0.0007457769046689846
0.0014230725725012743
0.0008133244314953006
0.0012255291599276576
0.0010421382531925595
0.001131609597073519
0.00812604019527121
0.0014554078656874277
0.0013930071139923435
0.0007055541093332386
0.00030328780188533684
0.0011180653404567387
0.00040169580994410835
0.0018636613500135916
0.004083375896635047
0.0024261749073847655
0.002067579354601963
0.0005886822988404145
0.0033440211499297418
0.0037359384023375602
0.0023948696518704326
0.0008749145132846845
0.006919269347815675
0.0011192149745203274
0.003462709070900218
0.004362376081267936
0.0013605879440286837
0.0012725936991973442
0.0016987934148218512
0.002733613577281358
0.004966891247902002
0.002230682239322415
0.0025608988891605566
0.00135651089971032
0.0006714433691461096
0.0007112869341906611
0.0030328069692303426
0.0009166398127036488
0.003742050123315869
0.002028880074921483
0.0031331860757618352
0.0009829056622726873
0.009578446507445928
0.002826561818737582
0.006891476083018627
0.005722050516599414
0.001313632226549732
0.005711733678552076
0.0038217048394911064
0.005180427900004022
0.0031608050963915766
0.001645277438343327
0.006040025958999985
0.008111050122480335
0.004248758117454461
0.0007916698920380546
0.002988772763260358
0.00260375098993305
0.0027352096824423237
0.008943104305705031
0.004298003280145671
0.0031777726049344686
0.009968495412757246
0.00843884763224122
0.004951001870540502
0.009575874413391696
0.01116646791031999
0.012337043768601926
0.014869383138150392
0.005682503384122458
0.002285022170996823
0.00786383362984708
0.09811167390940378
0.009446046880842537
0.004585994162358333
0.004976518038256726
0.000653659153379479
