0.00039709241518114867
0.0021978541225600758
0.027522870136206065
0.006708427522174507
0.011712160625638488
0.009204815262144096
0.0070784646048914854
0.0018546950677668847
0.002578639070682627
0.005614779391129686
0.0076206019283909365
0.001862226833214
0.004595388246888008
0.0006186662307469386
0.010111541300993336
0.006182893999541281
0.008332976707819547
0.0054227046701779405
0.007829800304807052
0.005497050647693165
0.004832416271132178
0.0019231707089343453
0.004407055128795325
0.004389205169983061
0.011947209534195192
0.0070647819039340075
0.004547614011007325
0.015832631526350883
0.0011412340797401265
0.0010716598837353874
0.008751110681189785
0.006257125819782742
0.00401264599515666
0.00288451775845077
0.008908990149764864
0.003320036864953668
0.002540968188222931
0.002162333892904077
0.0028220155526545968
0.001551183416708565
0.005612748997692205
0.006981517396862413
0.0028129903459613087
0.003953252667844234
0.0010632023155322673
0.006195868564220682
0.002303971684683901
0.001297994583200735
0.00471463322861094
0.003218246245447738
0.005055583285647712
0.001963766322507589
0.005026554368834527
0.003352081390267589
0.0029536450437860225
0.002240662638410288
0.0006355023991271618
0.003993657782934519
0.0015312482966442923
0.0014586484611802128
0.004873618038565851
0.0003593735347193962
0.0003967999869269961
0.0015789329697727989
0.0018726930930918542
0.0013714932000144656
0.0012534283172075259
0.002515096563984833
0.0030585457101961074
0.0020263098595834665
0.002195807232124736
0.002065777660233169
0.0013744991954279424
0.0008709424227914457
0.0006806987829486118
0.004659153519721203
0.0028026852535386697
0.0008918655836135766
0.0015056246517967352
0.0019155869488202608
0.000887404390908698
0.0014764559214265009
0.00023789677889247542
0.003136559812918164
0.0016016740129904472
0.004959223171942635
0.0001382696133049808
0.0014208018816524478
0.0025470316280186253
0.0007569676515728147
0.000848553583903145
0.0007967452079446708
0.0014973293751890018
0.001267563852220955
0.00021689945431161168
0.003047024885100502
0.00037910177883246105
6.650170480546062e-05
0.0010520835360349294
0.0003447462790247559
7.828773560903703e-05
0.0015905181961763295
0.001762073811118012
0.0026564984773698092
0.001598818673426934
0.0018259155731952304
0.0014157525643848543
0.0001423585660153077
0.0011210382126400566
0.0017099369205320356
0.0005322628409681017
0.000916847086904852
0.0023894648491383677
0.0011128921307518198
0.00035686726330798135
0.0008065349398830476
0.0020390368331902895
0.0011482531525191697
0.001193761887873161
0.001114169173316769
0.0005742428647216098
0.0019442650432288087
0.0007866237666256512
0.0009509030259662094
0.0006915395930108628
0.0020662754525182844
0.000516858018838344
0.0008485811472236992
0.0008039234187731535
0.0029055709980957242
0.0013058058140956166
0.0020095323747068863
0.0006833577060652727
0.0007461977216825963
0.0019025753193845766
0.0007630109333937016
0.0009137764378294621
0.00023330932259420077
0.0016377740431875348
0.0005335352594954131
0.0007747486646381006
1.9100677857342885e-05
0.0013093977389542742
0.0007245151016307931
0.0022328992797791057
0.0005719879669786166
0.001018465999086384
0.0014575534604462633
0.0019605933743637657
0.0009668316478629257
0.0014751766127434759
0.0014112983120770728
0.0004003290392525595
0.0004144398341652349
0.0011351337812045982
0.0009394869769178677
0.0003680915615670992
0.00045482409930297166
0.0008308302999157326
0.000642765868099135
0.0009982548833856529
0.0016056175612691969
0.0009121327254677973
0.0005934055577208032
0.0007305367511420984
0.0006781194051571378
0.0019968246121480305
0.001004074761082546
0.0010091585608873314
0.0007981116566058945
0.0008113469977909912
0.0013793646695231276
0.000917917680206866
0.0004545369371060948
0.0008142407948911173
0.0010243404346948716
0.00037486519401829085
0.0006734271384211377
0.0005003650148629988
0.0008465612565726702
0.0006527584001125257
0.0005763283771372153
0.0015107294123937326
0.0003656252984943934
0.0007466236455772238
0.0011892100050561651
0.0007424201509511624
0.00023398704349069199
0.0005426371219753912
0.0008683235056824436
0.0007402055205749692
0.0006882686692847251
0.0006485897960932186
4.30288257818947e-05
0.0006603700867633597
0.0009293026796397123
0.0008259252235326565
0.00040441488605457153
0.00016234428868922306
0.0005099103016269349
0.0014921799950239265
0.0008941559988385067
0.0010910006325862119
0.0005981897742956473
0.0007914660625048264
0.0002687260323280585
0.0004147302974401772
0.0011905785780274866
0.00037638365600983846
0.0004726663860870939
0.0006569615366324557
0.0003180612734031043
0.00018324303117738246
0.0003888230634570368
0.0006765802850014546
0.0004927388260467024
0.0007003561032020259
0.00038192504114719196
0.00026693403484085457
0.0003439394485712991
0.0007432015326509606
0.000235690901615754
0.0008593273548997572
0.0009792097025502044
0.00031721905147201506
0.000640047500233088
0.0006510316895118111
0.0005117798006448106
0.00032910841405497417
0.000507791863133176
0.0002637014389938511
0.00042760031060355946
0.0005394766210203988
0.000494216475918309
0.00048297313726999175
0.0005069681493266681
0.0003751231497245559
0.0005155227285921339
0.00048556611846179446
0.00040206162413262156
0.0004219225381300244
0.0003846817323344597
0.00044658160921019595
0.00033189747198908524
0.00021592301353165935
0.0005161923271238104
0.00022351497069444487
0.00019150748234487882
0.0001969319824206199
0.00013027998633837108
0.00037734726140883825
0.0006126614433946779
0.00016118299235110323
0.0008068354417636248
0.0001280248247779606
0.00026199274676687876
0.0004550296154255866
0.0001939839114317212
0.00046616254757415795
0.00011906285952175323
0.00039817564950249564
0.00011453194639261467
0.0002134529387776511
0.0003275453358921973
0.00026933572161121023
0.0001405865044293543
0.00021950295944214796
0.00025567033704854787
0.00011758879677037284
0.00043730962990145775
0.00016629996577020842
0.00015635841023074564
0.0001470970814014233
0.0005463225272018399
0.0002694008555775223
0.0005289028654071083
8.65483255821775e-05
0.00046592693707457643
0.0003144951398100963
0.00024907006262334005
0.00013883530832527
1.707378604696523e-05
8.616361102519784e-05
0.00012442883895594882
0.00014854419240432302
9.60649530162194e-05
0.00013005885329011127
0.00011214330983599142
0.0002094942400484967
0.00011026873199674872
9.764587069711077e-05
6.535994804589862e-05
4.122522191024484e-05
3.19828377014273e-05
3.278059812166401e-05
4.8800465173780396e-05
0.0001377106033422637
4.256913835243309e-05
1.1934188145009112e-05
2.7729112250767856e-05
6.996596011715794e-05
1.9816855974111383e-05
2.439184631313496e-05
2.8070141646374636e-05
2.723240792059548e-05
1.5616709914700163e-05
2.678290008968324e-05
2.1683329233831833e-05
3.754149741332589e-05
3.534336524851712e-05
1.6015507960948825e-05
2.214245541147841e-05
1.8335505638764342e-05
1.8589446340786743e-05
1.4957096330894495e-05
1.4989204495229339e-05
5.499602198456431e-06
2.0700860954653963e-05
3.915399592146118e-05
1.0611538817252327e-05
1.5584270405927537e-05
2.107073092542346e-05
2.197132885978389e-05
2.9172019980806155e-05
2.1874167248940745e-05
2.087939296205138e-05
1.0023183615390252e-05
1.8381359093448206e-05
1.6587162197989376e-05
1.6218018841968614e-05
2.5361076310433538e-05
5.029366502007669e-06
2.710279512102927e-05
6.931028940253717e-06
8.255107916810377e-06
1.6479449620315873e-06
7.982664847587599e-06
1.7972087867732228e-05
1.328300859665738e-05
1.4404060102896252e-05
1.509216252689513e-05
3.6345327830267325e-06
1.5264536657546813e-05
6.429397938730424e-06
8.887503996228115e-06
5.009552034691175e-06
9.002062095232091e-07
9.01447153330099e-07
4.881525683195396e-07
5.031279411635042e-07
5.937870587449914e-07
5.209595363305725e-07
2.4784090655912606e-07
5.968268228184076e-07
5.968007032948282e-07
2.800708537186569e-07
6.80006975798463e-07
3.3621810969934756e-07
5.150808616091802e-07
7.290543771468084e-07
2.9585996920111987e-07
3.490338989247349e-07
4.40049141400084e-07
2.3543447568864384e-07
4.654408219708684e-07
9.35887757106437e-08
3.9965392085664046e-07
4.7146658971523445e-07
4.33124766832631e-07
6.712262151990249e-07
5.251987279734065e-07
5.238684791930311e-07
8.954291991514009e-07
3.1716107410740144e-07
5.603973180433712e-07
5.621353793963135e-07
9.469827813160243e-08
7.23250255927505e-07
1.9263266493291216e-07
2.8203174174432836e-07
5.772349323956971e-07
1.8452992645161435e-07
6.115417620100462e-07
6.142686682505761e-07
3.4223560737679067e-07
8.855742482865929e-07
3.087948531286256e-07
4.949432803501813e-07
8.507730745330527e-07
1.5274603732609306e-07
3.099749532550649e-07
3.984195994136458e-07
3.0519058911463317e-07
4.4601715373840533e-07
2.663228347065378e-07
5.945257011521336e-07
4.940441556862239e-07
2.4894708739776316e-07
8.891910656278664e-07
5.690042560728402e-07
3.6702200021537995e-07
6.130036759096796e-07
4.3740876012291517e-07
2.743919073700773e-07
3.08927072977047e-07
9.515470819204492e-08
5.532854518924175e-07
3.4483006403100894e-07
1.8674606690325875e-07
6.563482060421973e-07
2.649831559823953e-07
6.65019607566238e-07
5.8998523628767e-07
2.0902342801846163e-07
7.610192785534241e-07
4.891080649601355e-07
5.126939944701186e-07
6.281953570095817e-07
2.489121870652803e-07
5.197571567422551e-07
4.261305494824459e-07
8.93323016721336e-08
5.746520344830517e-07
2.889998397518165e-07
3.369690581548573e-07
5.129411352640746e-07
2.082277064653808e-07
9.090454175446264e-07
5.503460141100305e-07
2.671581219209083e-07
4.769167340647469e-07
2.0481278803422788e-07
4.61166269608151e-07
4.1761884804940484e-07
1.1261996041729607e-07
4.989347396001939e-07
2.0228317505640288e-07
2.3630996147217176e-07
5.311533833224769e-07
3.0294022027402446e-07
4.732060718958777e-07
5.541139095434981e-07
2.899540977233119e-07
5.86288269816584e-07
4.4111917855781297e-07
2.775058676901628e-07
6.846582510651522e-07
2.8081457015445973e-07
9.140556982839306e-08
3.3601868231652917e-07
1.0836241883918725e-07
4.330201663437707e-07
2.9268936475425603e-07
4.7044444837514704e-07
6.12923535760115e-07
6.148360447920535e-08
4.985623092552407e-07
3.4447901066073857e-07
3.241559527166814e-07
4.88585010527016e-07
3.5685026025542825e-07
1.384416428382489e-07
5.192188485781845e-07
2.2813930094170188e-07
4.097161032550967e-07
2.4121307544536083e-07
2.549905484571665e-07
6.851180630084366e-07
3.2022137762092164e-07
5.963970404748671e-07
6.23080490272999e-07
3.4279514930611596e-07
7.272275106711108e-07
6.76692709926076e-07
3.980955736442925e-07
6.461675234672925e-07
3.2459654979946623e-07
3.532465758200851e-07
4.202972328248384e-07
1.4927877190091701e-07
4.6152691082674036e-07
2.3030078457201583e-07
2.741753443485512e-07
6.902472319016572e-07
2.639249300228734e-07
5.851287614680222e-07
4.040447000748609e-07
3.532201236909266e-07
4.927478478336697e-07
2.8885551018674485e-07
3.3977157503741247e-07
5.112238357279761e-07
2.966425945694647e-08
3.80172271978474e-07
4.4283429694469634e-07
2.6773549093661006e-07
4.477593907913514e-07
1.984096732337658e-07
5.191107903179148e-07
7.438471630610666e-07
2.783568039474939e-07
7.438471630610666e-07
5.191107903179148e-07
1.984096732337658e-07
4.477593907913514e-07
2.6773549093661006e-07
4.4283429694469634e-07
3.80172271978474e-07
2.966425945694647e-08
5.112238357279761e-07
3.3977157503741247e-07
2.8885551018674485e-07
4.927478478336697e-07
3.532201236909266e-07
4.040447000748609e-07
5.851287614680222e-07
2.639249300228734e-07
6.902472319016572e-07
2.741753443485512e-07
2.3030078457201583e-07
4.6152691082674036e-07
1.4927877190091701e-07
4.202972328248384e-07
3.532465758200851e-07
3.2459654979946623e-07
6.461675234672925e-07
3.980955736442925e-07
6.76692709926076e-07
7.272275106711108e-07
3.4279514930611596e-07
6.23080490272999e-07
5.963970404748671e-07
3.2022137762092164e-07
6.851180630084366e-07
2.549905484571665e-07
2.4121307544536083e-07
4.097161032550967e-07
2.2813930094170188e-07
5.192188485781845e-07
1.384416428382489e-07
3.5685026025542825e-07
4.88585010527016e-07
3.241559527166814e-07
3.4447901066073857e-07
4.985623092552407e-07
6.148360447920535e-08
6.12923535760115e-07
4.7044444837514704e-07
2.9268936475425603e-07
4.330201663437707e-07
1.0836241883918725e-07
3.3601868231652917e-07
9.140556982839306e-08
2.8081457015445973e-07
6.846582510651522e-07
2.775058676901628e-07
4.4111917855781297e-07
5.86288269816584e-07
2.899540977233119e-07
5.541139095434981e-07
4.732060718958777e-07
3.0294022027402446e-07
5.311533833224769e-07
2.3630996147217176e-07
2.0228317505640288e-07
4.989347396001939e-07
1.1261996041729607e-07
4.1761884804940484e-07
4.61166269608151e-07
2.0481278803422788e-07
4.769167340647469e-07
2.671581219209083e-07
5.503460141100305e-07
9.090454175446264e-07
2.082277064653808e-07
5.129411352640746e-07
3.369690581548573e-07
2.889998397518165e-07
5.746520344830517e-07
8.93323016721336e-08
4.261305494824459e-07
5.197571567422551e-07
2.489121870652803e-07
6.281953570095817e-07
5.126939944701186e-07
4.891080649601355e-07
7.610192785534241e-07
2.0902342801846163e-07
5.8998523628767e-07
6.65019607566238e-07
2.649831559823953e-07
6.563482060421973e-07
1.8674606690325875e-07
3.4483006403100894e-07
5.532854518924175e-07
9.515470819204492e-08
3.08927072977047e-07
2.743919073700773e-07
4.3740876012291517e-07
6.130036759096796e-07
3.6702200021537995e-07
5.690042560728402e-07
8.891910656278664e-07
2.4894708739776316e-07
4.940441556862239e-07
5.945257011521336e-07
2.663228347065378e-07
4.4601715373840533e-07
3.0519058911463317e-07
3.984195994136458e-07
3.099749532550649e-07
1.5274603732609306e-07
8.507730745330527e-07
4.949432803501813e-07
3.087948531286256e-07
8.855742482865929e-07
3.4223560737679067e-07
6.142686682505761e-07
6.115417620100462e-07
1.8452992645161435e-07
5.772349323956971e-07
2.8203174174432836e-07
1.9263266493291216e-07
7.23250255927505e-07
9.469827813160243e-08
5.621353793963135e-07
5.603973180433712e-07
3.1716107410740144e-07
8.954291991514009e-07
5.238684791930311e-07
5.251987279734065e-07
6.712262151990249e-07
4.33124766832631e-07
4.7146658971523445e-07
3.9965392085664046e-07
9.35887757106437e-08
4.654408219708684e-07
2.3543447568864384e-07
4.40049141400084e-07
3.490338989247349e-07
2.9585996920111987e-07
7.290543771468084e-07
5.150808616091802e-07
3.3621810969934756e-07
6.80006975798463e-07
2.800708537186569e-07
5.968007032948282e-07
5.968268228184076e-07
2.4784090655912606e-07
5.209595363305725e-07
5.937870587449914e-07
5.031279411635042e-07
4.881525683195396e-07
9.01447153330099e-07
9.002062095232091e-07
5.009552034691175e-06
8.887503996228115e-06
6.429397938730424e-06
1.5264536657546813e-05
3.6345327830267325e-06
1.509216252689513e-05
1.4404060102896252e-05
1.328300859665738e-05
1.7972087867732228e-05
7.982664847587599e-06
1.6479449620315873e-06
8.255107916810377e-06
6.931028940253717e-06
2.710279512102927e-05
5.029366502007669e-06
2.5361076310433538e-05
1.6218018841968614e-05
1.6587162197989376e-05
1.8381359093448206e-05
1.0023183615390252e-05
2.087939296205138e-05
2.1874167248940745e-05
2.9172019980806155e-05
2.197132885978389e-05
2.107073092542346e-05
1.5584270405927537e-05
1.0611538817252327e-05
3.915399592146118e-05
2.0700860954653963e-05
5.499602198456431e-06
1.4989204495229339e-05
1.4957096330894495e-05
1.8589446340786743e-05
1.8335505638764342e-05
2.214245541147841e-05
1.6015507960948825e-05
3.534336524851712e-05
3.754149741332589e-05
2.1683329233831833e-05
2.678290008968324e-05
1.5616709914700163e-05
2.723240792059548e-05
2.8070141646374636e-05
2.439184631313496e-05
1.9816855974111383e-05
6.996596011715794e-05
2.7729112250767856e-05
1.1934188145009112e-05
4.256913835243309e-05
0.0001377106033422637
4.8800465173780396e-05
3.278059812166401e-05
3.19828377014273e-05
4.122522191024484e-05
6.535994804589862e-05
9.764587069711077e-05
0.00011026873199674872
0.0002094942400484967
0.00011214330983599142
0.00013005885329011127
9.60649530162194e-05
0.00014854419240432302
0.00012442883895594882
8.616361102519784e-05
1.707378604696523e-05
0.00013883530832527
0.00024907006262334005
0.0003144951398100963
0.00046592693707457643
8.65483255821775e-05
0.0005289028654071083
0.0002694008555775223
0.0005463225272018399
0.0001470970814014233
0.00015635841023074564
0.00016629996577020842
0.00043730962990145775
0.00011758879677037284
0.00025567033704854787
0.00021950295944214796
0.0001405865044293543
0.00026933572161121023
0.0003275453358921973
0.0002134529387776511
0.00011453194639261467
0.00039817564950249564
0.00011906285952175323
0.00046616254757415795
0.0001939839114317212
0.0004550296154255866
0.00026199274676687876
0.0001280248247779606
0.0008068354417636248
0.00016118299235110323
0.0006126614433946779
0.00037734726140883825
0.00013027998633837108
0.0001969319824206199
0.00019150748234487882
0.00022351497069444487
0.0005161923271238104
0.00021592301353165935
0.00033189747198908524
0.00044658160921019595
0.0003846817323344597
0.0004219225381300244
0.00040206162413262156
0.00048556611846179446
0.0005155227285921339
0.0003751231497245559
0.0005069681493266681
0.00048297313726999175
0.000494216475918309
0.0005394766210203988
0.00042760031060355946
0.0002637014389938511
0.000507791863133176
0.00032910841405497417
0.0005117798006448106
0.0006510316895118111
0.000640047500233088
0.00031721905147201506
0.0009792097025502044
0.0008593273548997572
0.000235690901615754
0.0007432015326509606
0.0003439394485712991
0.00026693403484085457
0.00038192504114719196
0.0007003561032020259
0.0004927388260467024
0.0006765802850014546
0.0003888230634570368
0.00018324303117738246
0.0003180612734031043
0.0006569615366324557
0.0004726663860870939
0.00037638365600983846
0.0011905785780274866
0.0004147302974401772
0.0002687260323280585
0.0007914660625048264
0.0005981897742956473
0.0010910006325862119
0.0008941559988385067
0.0014921799950239265
0.0005099103016269349
0.00016234428868922306
0.00040441488605457153
0.0008259252235326565
0.0009293026796397123
0.0006603700867633597
4.30288257818947e-05
0.0006485897960932186
0.0006882686692847251
0.0007402055205749692
0.0008683235056824436
0.0005426371219753912
0.00023398704349069199
0.0007424201509511624
0.0011892100050561651
0.0007466236455772238
0.0003656252984943934
0.0015107294123937326
0.0005763283771372153
0.0006527584001125257
0.0008465612565726702
0.0005003650148629988
0.0006734271384211377
0.00037486519401829085
0.0010243404346948716
0.0008142407948911173
0.0004545369371060948
0.000917917680206866
0.0013793646695231276
0.0008113469977909912
0.0007981116566058945
0.0010091585608873314
0.001004074761082546
0.0019968246121480305
0.0006781194051571378
0.0007305367511420984
0.0005934055577208032
0.0009121327254677973
0.0016056175612691969
0.0009982548833856529
0.000642765868099135
0.0008308302999157326
0.00045482409930297166
0.0003680915615670992
0.0009394869769178677
0.0011351337812045982
0.0004144398341652349
0.0004003290392525595
0.0014112983120770728
0.0014751766127434759
0.0009668316478629257
0.0019605933743637657
0.0014575534604462633
0.001018465999086384
0.0005719879669786166
0.0022328992797791057
0.0007245151016307931
0.0013093977389542742
1.9100677857342885e-05
0.0007747486646381006
0.0005335352594954131
0.0016377740431875348
0.00023330932259420077
0.0009137764378294621
0.0007630109333937016
0.0019025753193845766
0.0007461977216825963
0.0006833577060652727
0.0020095323747068863
0.0013058058140956166
0.0029055709980957242
0.0008039234187731535
0.0008485811472236992
0.000516858018838344
0.0020662754525182844
0.0006915395930108628
0.0009509030259662094
0.0007866237666256512
0.0019442650432288087
0.0005742428647216098
0.001114169173316769
0.001193761887873161
0.0011482531525191697
0.0020390368331902895
0.0008065349398830476
0.00035686726330798135
0.0011128921307518198
0.0023894648491383677
0.000916847086904852
0.0005322628409681017
0.0017099369205320356
0.0011210382126400566
0.0001423585660153077
0.0014157525643848543
0.0018259155731952304
0.001598818673426934
0.0026564984773698092
0.001762073811118012
0.0015905181961763295
7.828773560903703e-05
0.0003447462790247559
0.0010520835360349294
6.650170480546062e-05
0.00037910177883246105
0.003047024885100502
0.00021689945431161168
0.001267563852220955
0.0014973293751890018
0.0007967452079446708
0.000848553583903145
0.0007569676515728147
0.0025470316280186253
0.0014208018816524478
0.0001382696133049808
0.004959223171942635
0.0016016740129904472
0.003136559812918164
0.00023789677889247542
0.0014764559214265009
0.000887404390908698
0.0019155869488202608
0.0015056246517967352
0.0008918655836135766
0.0028026852535386697
0.004659153519721203
0.0006806987829486118
0.0008709424227914457
0.0013744991954279424
0.002065777660233169
0.002195807232124736
0.0020263098595834665
0.0030585457101961074
0.002515096563984833
0.0012534283172075259
0.0013714932000144656
0.0018726930930918542
0.0015789329697727989
0.0003967999869269961
0.0003593735347193962
0.004873618038565851
0.0014586484611802128
0.0015312482966442923
0.003993657782934519
0.0006355023991271618
0.002240662638410288
0.0029536450437860225
0.003352081390267589
0.005026554368834527
0.001963766322507589
0.005055583285647712
0.003218246245447738
0.00471463322861094
0.001297994583200735
0.002303971684683901
0.006195868564220682
0.0010632023155322673
0.003953252667844234
0.0028129903459613087
0.006981517396862413
0.005612748997692205
0.001551183416708565
0.0028220155526545968
0.002162333892904077
0.002540968188222931
0.003320036864953668
0.008908990149764864
0.00288451775845077
0.00401264599515666
0.006257125819782742
0.008751110681189785
0.0010716598837353874
0.0011412340797401265
0.015832631526350883
0.004547614011007325
0.0070647819039340075
0.011947209534195192
0.004389205169983061
0.004407055128795325
0.0019231707089343453
0.004832416271132178
0.005497050647693165
0.007829800304807052
0.0054227046701779405
0.008332976707819547
0.006182893999541281
0.010111541300993336
0.0006186662307469386
0.004595388246888008
0.001862226833214
0.0076206019283909365
0.005614779391129686
0.002578639070682627
0.0018546950677668847
0.0070784646048914854
0.009204815262144096
0.011712160625638488
0.006708427522174507
0.027522870136206065
0.0021978541225600758
