0.0002633521719757518
0.01602996549180704
0.03484080029897662
0.006099045878335865
0.024483462071019212
0.006124471151051126
0.004513376554786091
0.0016406036286621523
0.012619511309903724
0.014594954161940515
0.00778545084418024
0.010608556174519347
0.0020201950901266442
0.012603252711913156
0.01628964064077288
0.010154200032500485
0.0057288913754725244
0.006389435240637064
0.005118998560803179
0.010892695881375295
0.0035277795604416323
0.002543854539710242
0.006723305014992378
0.003377495355217346
0.0037116848899012983
0.006042148385940049
0.004891593351026247
0.003185084879276957
0.0015974842820826276
0.004644219793461773
0.00847180424931613
0.00044534251672349726
0.002758938171341621
0.0023894821318740204
0.006499272646741234
0.003662628986001492
0.0015155704308150045
0.0010702695352336432
0.002089252376648694
0.005696272273647918
0.0019726767386267752
0.0010210325360299752
0.0004453814860381138
0.0017838676827667914
0.0021737901779974897
0.001887387229950401
0.00146306958535388
0.0016739784633230358
0.00011884212776743176
0.0003592895753889121
0.0014519053577379186
0.0007152990820148387
0.0010400363551602506
0.0008024150678715241
0.0010116556031283305
0.0009961028513360791
0.0009276606897600054
0.0005315947370200182
0.0038247343895753782
0.003065626576067739
0.0022480222858103503
0.0024403520868722475
0.001917688569727259
0.0028182589743966724
0.0016085649862664063
0.0012242294535723575
0.0031389828759644306
0.0014388801007367362
0.001130846506493484
0.0017313795672460569
0.0009235335438466168
0.0005663285240799195
0.0010799304680355602
0.000868394755102447
0.00037071749923327853
0.0006588983880864474
0.0003901708321756667
0.0022610345546901314
0.001913491946383842
0.0037251877349373363
0.0006731942789417275
0.0023478347103982945
0.0002192953225957219
0.0006992368077895373
0.0009624205401371649
0.0002813490855527476
0.0018743224767824645
0.00020583514297452477
0.0011049286784729712
0.0003844170916980049
0.0008754745667453992
0.0005515084868988697
0.0008210938520449608
0.002784078084615544
0.002450980455727807
0.0004600516743048699
0.0005206288212359987
0.00048737586999102704
0.0009754195744223329
0.0008831554303882355
0.0005815079076478592
0.0005997117010143323
0.0002843547871948492
0.0002887354553758995
0.0007995360496235959
0.0004731918930390789
0.0021374191559625387
0.0013583631733839604
0.00046564896179908345
0.0005146663739503154
5.001658507692116e-05
0.00048091535803358677
0.0006848749477234229
0.00042483189531522774
0.0008399479953607261
0.0006122966677032543
0.000571788676862807
0.00034814780842132417
0.0006505050847968922
0.0027492690606396608
0.00022091868096702966
0.0004663507134815963
0.0007415235392446066
0.0006898675012231347
0.0007291713377259771
0.0010457544824922333
0.001413332608479024
0.0015267232433055083
0.0009574666942766357
0.0005385607424693155
0.0007867579192527354
0.00038656129980347805
0.0005315486548481412
0.0013666963000425988
0.0008450877487494156
0.00042191776240698987
0.0002073284785746804
0.0006880917990238065
0.000833974620046372
0.0006945047528269197
0.0012454516627978583
0.0006902711446723912
0.0009426759463833348
0.0006076624069719542
0.0005953293744735039
0.00029324921441839735
0.0006372816043006157
0.0009332826911061866
0.0009134900233806466
0.000565914608424761
0.0006468227802036877
0.00013833156505494934
0.00015219183488649203
0.00047472881132253763
0.0006302038081465756
0.0004964122500319433
0.0008614689366430137
0.00016757822829779418
0.0016297110671417833
0.0017723237719603306
0.0005777106830009372
0.00021520626334396676
0.0010969970240855304
0.0006135375881627762
0.0007483905175979796
0.0004049900829626813
0.001251824612691378
0.001006716646770359
0.0017448410643143076
0.0010810649042993325
0.0005892372320929623
0.0004619814831075002
0.0003255713036521912
0.00011883736627079007
0.0003843989801685467
0.00017019946216797487
0.0003614638518631548
0.0004934727662597131
0.0005074612514702869
0.0009025226924229855
0.0004957557543872101
0.0003140843728091538
0.0010344253004212981
0.00016143443732259243
0.00042631131033017423
0.0006354437618845192
0.0005365407407985773
0.00039676508253038665
0.0008053320857895779
0.0005002624095776506
0.0005561049478534433
0.0003886472879799539
0.0009246953432333918
0.0007935590984130741
0.0003473905521844912
0.00016607371042141352
0.0005049606567007177
0.00036596484607718486
0.000715088876146208
0.0006320190560658265
0.0003940150683224651
0.00036412522658143105
0.00021277993474136443
0.0006551817554895337
0.0002561620175728749
0.0002547392207503774
0.0010502973117958695
0.0005145450787738317
0.0002473021035100348
0.000312591975161747
0.0002793499421457282
0.0003322164445680562
0.00042100395902422845
0.000562867698584517
0.00048703798106424943
0.00048021765311630037
0.0005589001513614103
0.0009577358592505846
0.0006530343238983203
0.0002106729348054092
0.0006557358145987405
0.0004164361508650434
0.0006083354018171082
0.00029225609064320905
0.0005445945845352785
0.00019982339002343292
0.0004733935725111854
0.00043720768295040576
0.00037248068566413106
0.00040476262941558836
0.0008496365991892105
0.0021512508565518377
0.0002892374941491452
0.0005478227863503089
0.0002284298524128184
0.00027704750396839023
0.0001085639886627763
0.00034223416617613727
0.00022084182653318198
0.0004127371506543038
0.00038872172877789466
0.0006052877082609737
0.00032244344323281243
0.00015822788816229256
6.602643801520175e-05
0.0004791754388716766
0.0001239751526643475
0.000534806960436154
0.00023640666044657721
0.0002855064061733868
0.0004050621253374602
0.0002254093978853931
0.00012397649928670032
0.0003124643412618476
0.0001447867582627655
0.0004011641518646742
0.00020795740408565552
0.0003209265885253644
0.0002516414976515947
0.0003311112966059782
0.00019968417691454925
0.0002366873507875229
0.00042407016823238925
0.0004048061246929862
0.00039934884295664725
0.00016744994492322695
0.000233799965368965
0.00012776895830389425
0.00047396203891394924
0.0001843431623102879
0.00018910919749733418
0.00042410074080852076
0.0003775914459762569
0.0001617802747969645
0.0005082231825683401
0.000767275856316367
0.0004581683263802107
0.0007999418269363051
0.00018697233452274665
0.0005634578558221012
0.0003477495111713409
0.0002648268471786386
0.00011834634917668872
0.000743482226881979
0.00011778592199744552
0.0003637658492763218
0.0002741216277652671
0.0002754257319211344
8.498477063174517e-05
0.0002366894251445031
0.000890145129432668
0.0005555654750081516
0.0004104027087479535
0.00022306479344051533
0.0002304507416387651
0.0003022430921533157
0.0002642823888041312
0.00013247316392886788
0.00026651481299277117
0.0003624671125227124
0.00031416118308036047
0.00018590975264114976
0.000110968217510363
0.0002171883499673089
0.00039587892707669423
0.00047319925997472046
2.6336697003903016e-05
4.87713219647622e-05
6.727795353982634e-05
0.0001788301238511716
0.0002622514537239519
9.668994166877708e-05
0.0005050397442492332
0.0004487883178803003
0.00021241489148748913
0.00031957386930163255
9.41173598219113e-05
0.00012151893698338805
6.513348901169174e-05
0.00018889596206263714
0.0001607852222869819
7.22520554555379e-05
9.995393624000799e-05
0.00028314328523955005
0.0002514016401841633
0.00013302204092471644
0.00019305093736903266
0.00024505021520102147
0.0002927580549755992
4.521579733126273e-05
7.946840111540792e-05
0.0004333927041145008
2.181056312615595e-05
6.96248266989996e-05
0.00016931648408112577
0.000274430302028141
0.0002369400783140133
6.647710035926885e-05
0.0001353672936251461
0.00023510999746949147
0.00024759417768842535
0.00011881979920103592
9.968214324924809e-05
0.00011756230312481133
1.4999875020539145e-05
4.1877373058675666e-05
2.011649661345157e-05
2.6259136399653173e-05
7.793278202887518e-06
2.8185976542517655e-06
3.2773099691541956e-06
2.5339329674697647e-06
2.1889076054021313e-06
2.0842821685883074e-06
1.7767630088219044e-06
1.8101364917172342e-06
1.7604713369311521e-06
1.7594681747872608e-06
1.5582596836910585e-06
1.4088204173378397e-06
1.785793215760409e-06
1.5895096343485034e-06
1.6085045709561522e-06
1.3568245107561284e-06
1.455619470488709e-06
1.3876251402189406e-06
1.5267096320508626e-06
1.3705381636495365e-06
1.4533147491756288e-06
1.4340130233510493e-06
1.1884379833380368e-06
1.374453026413693e-06
1.391779782648486e-06
1.3912938613699755e-06
1.4284669176605675e-06
1.2961496915825508e-06
1.1111202264262983e-06
1.4509025065093348e-06
1.365072681498472e-06
1.299929429713919e-06
1.287530252298037e-06
1.2059146016287313e-06
1.2305671290758368e-06
1.3057265773515964e-06
1.3873763909757825e-06
1.202328630982146e-06
1.2199363883763592e-06
1.160497657649308e-06
1.0263964019140909e-06
1.3815929059692992e-06
1.3233734757708035e-06
1.0763278387367695e-06
1.2600564117903893e-06
8.896456031208488e-07
1.0790570232232597e-06
1.1261470258042435e-06
1.346724672557925e-06
1.07687084005191e-06
9.324929597176272e-07
1.1353861731746356e-06
1.0452522599621885e-06
1.041943587253404e-06
1.326320118113968e-06
1.113463771038852e-06
9.690901887417448e-07
9.388123518473072e-07
1.1195211905511815e-06
1.1041199382595138e-06
1.0354660308172552e-06
1.0055836551560807e-06
1.1678319697185881e-06
1.0604071273829328e-06
9.42255034241686e-07
9.991411369039534e-07
1.104008988170312e-06
8.913955945253388e-07
1.0708094001713558e-06
9.250798738405444e-07
9.57760794822667e-07
1.1909496554849991e-06
9.167246690024771e-07
9.256191689292417e-07
1.077085529893707e-06
9.304290608436029e-07
9.001078458113544e-07
9.871534915194502e-07
9.504554120094947e-07
9.984116937546024e-07
1.0411534185868523e-06
1.0593322630622891e-06
8.352776478251687e-07
8.643063661493014e-07
8.98080109818839e-07
8.717568031000181e-07
9.392146108146277e-07
1.024685197815113e-06
9.420378505342435e-07
9.573360690295174e-07
9.089602014019959e-07
8.507856709027053e-07
1.1250242744159836e-06
7.199897584753015e-07
1.1696603590462076e-06
9.994948310567755e-07
9.820472521900958e-07
9.472748580256236e-07
9.468055391349571e-07
6.653507020651585e-07
7.401034952457395e-07
1.0465687261665135e-06
9.145426762680209e-07
8.340023853780366e-07
9.180253274601298e-07
9.304351559604679e-07
7.95592824150219e-07
9.655268082587177e-07
1.0876437698225863e-06
8.719288466563034e-07
7.505494995857101e-07
7.586873887462938e-07
9.434180935717953e-07
8.86052207354556e-07
8.490783915685849e-07
8.597596272809855e-07
7.807847106569564e-07
7.655501402411621e-07
9.008975289320696e-07
9.160932731675956e-07
8.970688741096671e-07
9.688866090098558e-07
8.250327344239837e-07
1.067394291973046e-06
9.644140312116079e-07
8.675947244148182e-07
8.365029280501299e-07
9.515945111014535e-07
8.70307129504919e-07
9.087045485376531e-07
8.939672616843426e-07
1.0572329332417182e-06
8.932473059243817e-07
9.117164405835707e-07
7.696411681049372e-07
7.633509365188565e-07
8.094745588701728e-07
8.55867854774598e-07
8.825464908032607e-07
7.351789235743881e-07
7.605766087803896e-07
9.272504940684922e-07
7.845707197871461e-07
6.277435744872544e-07
8.164854219185138e-07
7.865405926171675e-07
9.441943888695237e-07
8.822451576283751e-07
8.219482376656749e-07
7.278009897110547e-07
8.846158556088123e-07
7.821229013157641e-07
7.601843924670081e-07
8.772888556647146e-07
9.9013726334368e-07
8.321872310898394e-07
9.149797320047313e-07
9.564414837311018e-07
9.448343971141919e-07
8.882393020031773e-07
8.074558521891585e-07
9.85801798084444e-07
8.83630137197631e-07
8.184486681598526e-07
9.03124080889935e-07
1.0745633479406961e-06
8.618084451514399e-07
5.928102286320358e-07
9.356365508968911e-07
8.914959699201211e-07
1.0060074118144345e-06
1.0332678012761185e-06
1.1283116824484841e-06
9.37616638441967e-07
7.113057513350772e-07
9.676713537616633e-07
8.768228164888205e-07
8.681356978151905e-07
1.0210838121666546e-06
9.280110059377904e-07
9.264047700265272e-07
8.392849685182239e-07
7.397400415379191e-07
7.4884270164144e-07
1.0601100707640226e-06
8.897021142988819e-07
6.734343029249661e-07
1.039405234404414e-06
9.494079469879653e-07
8.46556265973753e-07
9.279048177065828e-07
1.1011070609507095e-06
7.754981985632534e-07
8.199393991970744e-07
9.783928558240244e-07
8.915202694661437e-07
8.235337027586952e-07
7.466134406557096e-07
8.871298457010754e-07
8.592275462883684e-07
8.842804934814206e-07
9.767671722453194e-07
8.760492402608853e-07
8.240675064083842e-07
8.716716427604111e-07
8.620318468420505e-07
9.488882022398288e-07
9.018731361083646e-07
7.846507695520731e-07
7.969728523016882e-07
1.0268938261363305e-06
8.627758484516116e-07
8.425947971707329e-07
7.417676665754921e-07
9.276810245873193e-07
1.0436051603046764e-06
7.572932761995653e-07
9.163480627183476e-07
1.1863871348512648e-06
8.817841014614702e-07
8.6723144145063e-07
1.0191908248120734e-06
9.769712091813993e-07
1.205927732054154e-06
1.04593556222661e-06
1.0387299220138132e-06
9.398374839089989e-07
9.58149394109601e-07
1.0017225745776363e-06
1.0329206903825774e-06
9.196950146078794e-07
1.0580262071439877e-06
9.602500342767866e-07
1.0647846279672627e-06
1.0422833723806663e-06
1.0646463549854019e-06
1.0416257949255646e-06
9.56052559096085e-07
8.865722811131425e-07
1.0219110777905769e-06
1.2052448732120583e-06
9.456233636160696e-07
1.1954422344478694e-06
1.2814782060825777e-06
1.0898264365320024e-06
1.2271296753138651e-06
1.0494626372573385e-06
1.1722223416242356e-06
1.1585655555245007e-06
1.0556881361618187e-06
1.0704748631438047e-06
1.055075297274995e-06
1.0561341846473825e-06
1.0128490127075975e-06
1.017356068562999e-06
1.1104353303854934e-06
1.1244256322878987e-06
1.0158158874830432e-06
1.1008996113304344e-06
1.3124449414549456e-06
1.1163401860715619e-06
1.102739876942771e-06
1.0622942105352447e-06
1.028260269852908e-06
1.2297134833881083e-06
1.2622902168601074e-06
1.2587180259393426e-06
1.2444798064231727e-06
1.1163533157566841e-06
1.075807349897703e-06
1.3882748647254166e-06
1.3161841227066936e-06
1.0251442771128908e-06
1.1024221247909477e-06
1.1296962109569155e-06
1.1569661507437196e-06
1.442681162610348e-06
1.3651162884004055e-06
1.290912068325652e-06
1.2890694746234947e-06
1.4320791638369979e-06
1.396490758469224e-06
1.3883986382551827e-06
1.3536468212326445e-06
1.4106828502184273e-06
1.2943543916420957e-06
1.2729206782828662e-06
1.45354131736878e-06
1.4891432885425555e-06
1.5537793971731492e-06
1.8805571564527466e-06
1.5874683656776405e-06
1.3249493454564559e-06
1.4038477977149823e-06
1.7034127693409025e-06
1.637678968358027e-06
1.5790419677234525e-06
1.951449622012545e-06
1.8447457933956377e-06
1.8856874936487013e-06
1.862862508521781e-06
8.507050881266448e-07
1.070841006509274e-06
2.913957782785496e-06
3.7711624068202813e-06
1.1811604822666345e-05
2.2204674475999665e-05
7.206350653441493e-05
6.218612040901905e-05
0.0001336657277624233
0.0002039298018673196
0.00014728903074715517
0.00018221592492018835
0.00017886942101500485
0.0002843720750363387
5.939754074605363e-05
0.0002878887378273588
0.00018332093853662095
0.00016614924614752238
8.432198660712204e-05
0.0001224314304065138
0.00024618289163930764
0.0002424896243183077
0.00016861613013631238
0.00022064290902180616
0.00022337914746620066
0.0002377004916171683
5.617681165929748e-05
0.00016818296217642565
7.032747796153939e-05
0.00021669082814880752
0.00025330415433022415
0.00018317437763715693
0.0001446760706929705
7.106427896539815e-05
0.0002698175096539022
0.0002973711955215304
0.00020154872457329686
0.00020103089349089902
0.0003101371307157709
0.000292991018007166
0.0003971535631243302
0.00020325019514614228
0.0003344832119553133
0.0003480619075864733
0.00042278759012505493
9.66235072601245e-05
0.00018558337298297102
7.414473260787576e-05
0.00026021108463072516
0.00013269351871906436
8.63633852899092e-05
6.339085345013591e-05
0.0002966640193900792
0.00010617546238094192
0.00029923482008010197
0.0003256317369032579
0.00025351488891161043
0.00026353837146120463
0.0002361599125722116
0.00020473898916228487
0.0004495607928630589
0.0007010714180506963
7.304655081752731e-05
0.00014563373247531583
0.0006427668292315501
0.0006445306829260947
0.00014721659866004432
0.0005110412280573899
0.0004575342189298503
0.0006495622421819713
0.00029909015382959827
0.00030456499188864745
0.0006683021019153694
0.0010485033288333437
0.0003622445163724338
0.0002680853423754698
0.0004767352431154284
0.00021233983719608056
0.0002504053690560084
0.00039419951741142823
0.00033602849312153096
0.0001518115508643705
0.0003781356660825979
0.00015473909581950043
0.0004001953209259359
0.0003312389426207457
0.00012014710020294746
0.00012083153779078765
0.0003634012895624417
0.00031309625916016675
0.00024405149578218604
0.00034049430928633113
0.00042060095778084593
0.00011257437871308277
0.0001351364284221373
0.0003218816647122027
0.00040589545672720134
0.00023449646952641254
0.00015130729645457296
0.00010344205435211748
3.355425548693248e-05
0.0006710524792030045
0.0002172214911828354
0.000332319107141093
0.00025888331720308824
0.0006858796551467805
0.00014322984405577398
0.000535237144828733
0.0004433421518256427
0.000220436362538809
0.0005982209182879661
0.00018455021146706563
0.00023734297971318306
0.0002271817375473013
0.000349725990650522
0.000621451445609931
0.00031216704432289515
0.000381165575116987
9.644921945271271e-05
0.0006212996312720367
0.0016300515335352379
0.0007460983034222915
0.00037863503750348664
0.00044551038469190467
0.000211227522894261
9.6109781129579e-05
0.00012633629707316482
0.0004388442562267035
0.00037818976497928187
0.0007938999620044055
0.0013228013469802514
0.0006581660931769557
0.0004690905173696107
0.0009391097620766304
0.00019746211349401673
0.0002817219431003523
0.00047805170598823045
0.00027537587488917566
0.0010695969393223904
0.0007254353789048561
0.0007121051149253998
0.0005056387929674605
0.000248243666321299
0.0006866600224012968
0.0004716429712510797
0.0008542116943038694
0.00040784686809959266
0.00030976993755207324
0.0005978855828461617
0.0009533561943568209
0.0006068734700132749
0.00020740192337029685
0.00012270718378919884
0.000506107284852814
0.0002490198796208627
0.0005064255409918161
0.0008417514328863564
0.000361014695717297
0.0004856879235965952
0.0009302666963718067
0.00034245719210918886
0.000355931162086648
0.0004233762283873304
0.000234017994169155
0.0006376180353766074
0.001103018706991637
0.0007910981836693738
0.0005049864626126251
0.00045629493156485373
0.00022842381149256342
0.0008355962685800315
0.0008369959050322707
0.0007448297349817477
0.0004168917442660858
0.0004527997873151859
0.0002569465282223663
0.000307812226322221
7.802417157442238e-05
0.00012868987640244015
0.0004975431938560896
0.00034367219235810644
0.0003330223548323373
0.0017053414648510211
0.0007356639311436326
0.0010565357954848763
8.335077093682438e-05
0.0005882425796346523
0.0007229383065183206
0.0004783484127208397
0.0005748437342783631
0.0016208623467419778
0.0001771067009372387
0.0005182536019277987
0.0011392926147177594
0.0005015262012184991
0.001261861962210429
0.0005702710467884527
0.0008063953502425265
0.0009637932294357725
0.0007882067366310122
0.0002821384078297949
0.0001284896090853373
0.00047430109658452033
0.0007720729738316907
0.00034939762352564815
0.0007886482034575964
0.0007577158438836926
0.0003551003132555807
0.001437005813475076
0.0006471852904738908
0.0006831436423407556
0.0010294654010073558
0.0008404902758402439
0.0003779872250646128
0.000765980466969174
0.0009225615365493083
0.0007878376178189758
0.001073605784195864
0.0004618042645700501
0.0002823339359740651
0.00022175977162274473
3.907146817582117e-05
0.0005546923092792437
0.0005236141153083494
0.0010206904932717632
0.000768754931606067
0.0005112159290822817
0.0006313588357783155
0.0004635265714303978
0.00045546161967188915
0.0005264824969559831
0.001340872745645679
0.0016936260603013743
0.0007292272836497418
0.0003170862608892663
0.0012890856316235262
0.0011196244694261193
0.00034684149265226156
0.0009721790404204792
0.0007982717207102557
0.000745434238887963
0.000819396596258911
0.0003381708846957638
0.0008477253680381358
0.0020781062503667192
0.0004714432011391103
0.0006444516633945768
0.0010014127583102867
0.0013741274064927895
0.0006463392895955809
0.0007433675028530243
0.0006583736432245697
2.9166696292289483e-05
0.0024972991321212702
0.0009826685288752473
0.002337300742048351
0.0008161011121253762
0.0007846714329091119
0.001039768072737829
0.0014181674619538327
0.0017995030828397915
0.0007104908504944773
0.0008115102750761525
0.0023732117256995604
0.0005644457528481225
0.0007951435593856295
0.0024031505034712315
0.0007732268223235711
0.000915063761023186
0.0008649961019956703
0.0004509007579674895
0.0028716541521639654
0.0007535281942998061
0.0027595182011833762
0.0005048396251200072
0.000591911310744494
0.0002776369666663447
0.0008881768746986699
0.0022401299241272122
0.0005772839948997707
0.0005659797956433508
0.001465366645472717
0.0006356724373779436
0.0003963871852207596
0.001208985162420928
0.0029298228443662144
0.0010410367736732491
0.000943256408738133
0.0027236073091857663
0.0006292568343723657
0.0015907581293032633
0.0027659024814792447
0.0029054787471223713
0.0023582993997748243
0.0010589081103834495
0.0013790701736914864
0.0014524713642130635
0.001502675914491641
0.0007576098137158562
0.002085750635871607
0.00041484933467254175
0.001307752724799173
0.001407303024725454
0.0006396490309658919
0.0026927824825461973
0.0030276299927984645
0.0015169002786329395
0.002420729544806581
0.0004862035204226666
0.001314030150440893
0.0011171017017025076
0.004082273615571231
0.00442717923675196
0.0008698305052630015
0.0006262700397325497
0.00025510526255457063
0.0010968441529287845
0.012108881472917764
0.0016721488065550574
0.003532532266919921
0.006417921137772202
0.00695807416137777
0.006307658517015837
0.0014484913940006501
0.003023049825440911
0.0055514115280216395
0.0031172649031053113
0.004332224427834285
0.0063306552579819285
0.009006712856317935
0.0027091236163243374
0.010661215858094054
0.002409827099956655
0.0030145376198506767
0.008053789144431488
0.0023370371982544334
0.004165594873413854
0.012094948594418333
0.02748249525905475
0.010173297115635643
0.014032438418873331
0.007185220271389025
0.010682305645293662
0.00522424216474891
0.0024526905630287794
0.006296142392097742
0.009249185287329795
0.022186626168921933
0.02807620127617334
0.04303153596264193
0.011455577982690826
