0.0014678491908331984
0.0011902624721443341
0.047924925847095845
0.002419030776139768
0.0262945168557191
0.020734821044205674
0.008261047155731295
0.01846966091555029
0.004346545539042623
0.01308461896680386
0.04886044125895707
0.005174345117618392
0.010166125814455937
0.009477127387473286
0.006869460965194774
0.003942277282084617
0.003504896543869458
0.0034770307188334523
0.0021940023732381917
0.0014134803100879921
0.00568340608602821
0.0036695207702442576
0.0048590679652036
0.001973202126373933
0.0050431060835775705
0.0037499007651111875
0.004438812564950681
0.008697015415331348
0.004002375083323668
0.0018881923461448965
0.0027670910624589197
0.0009720219006940224
0.0039188904062207345
0.0024212666549256736
0.003135620168237384
0.0066234067839790875
0.007887627661493802
0.002974435267492561
0.001505083795473362
0.003537635806853735
0.0015259978871923537
0.0014400030031064956
0.0017265522775046806
0.0005064884209475908
0.0012636017469049472
0.0017837162225072902
0.001052409168553834
0.0019152983014182436
0.0032307705208576586
0.002779346045975177
0.0021125564803308114
0.0020708501715799225
0.0015848129696071297
0.0004455493781951814
0.003907262190057586
0.001314002813897746
0.0034438229003169478
0.003235738191099492
0.0022762972988947965
0.007769188101494178
0.0014986228873560478
0.003359770760889726
0.005528093858278071
0.0018656539329672678
0.004142518400245803
0.0010944218632319128
0.001052445888949224
0.0021793966804904575
0.0008085704448408811
0.0004043175127273233
0.002032994889506232
0.0014258245995050483
0.0019104382154674349
0.0007129985249574775
0.0008815580567730508
0.0009206891575737569
0.001056259254726551
0.0010760936497878138
0.0009038460697366736
0.002967060875557297
0.003783895283734932
0.0034124611731385928
0.005170193095901349
0.0024175366001016555
0.003749610419968899
0.0022532819476579723
0.0027206609047591753
0.0044415265335828345
0.0027810163537886753
0.0016930846993433895
0.0004157610776662052
0.0023326130831174416
0.001734772647098567
0.00043403720756405716
0.002358289204804715
0.0021356808524668064
0.0004913362500157453
0.0008676324483942088
0.0010735949872623283
0.0004606602223826947
0.0001490193626483235
0.00012640932024035172
0.00025016843369989695
0.0005350245751109754
0.000302237901200454
0.0005629041358326082
0.0006326624256453312
0.0005552644812094063
0.0008439293630192079
0.0007612400171150086
0.000738288014358516
0.0002972966613759792
0.00042608051298245714
0.0008512740939996575
0.0010428711557835292
0.0002912557995653471
0.0004325295684861195
0.0002545829590058287
0.00012410758464692629
0.0004521282554767043
0.0003392399050599593
4.354149779214626e-05
0.0002760677776468907
0.0006886716254830643
0.00010362924754894102
0.00036212946409506174
0.0004909171512057474
0.000837085228338317
0.0003050463025274065
0.00021449727680497495
0.0001248826035195608
0.00033949136555779354
0.0008287831391418403
0.000718977850679503
0.0011071487271157412
0.0008108933862378459
0.00042202280749495635
0.00047862381365047687
0.0002870350507957606
0.00024134781934858826
0.00039439201177684683
0.0006319642401713975
0.0009802583788185851
0.0007882955026915545
0.00020662308797733534
0.0011552906788450945
0.00045258749803511153
0.000310050441578975
0.00012292293010131956
0.00044386135462360385
0.0003061276341685561
0.0006433145375935905
0.00037861793107162256
0.0003535739337869558
0.0003703550969121508
0.00024184280583352922
0.0003290077380922351
0.0007314209465095799
0.0006632129518174497
0.0006914407695064349
0.0006722364238671946
0.0004103646163592916
0.0006383988940128092
9.364997521848402e-05
0.00014652207997688027
0.0002745105611513713
0.000550015850608902
0.00012286115493360746
0.0004909749294427327
0.0003032669177334159
0.0004190187173271101
0.00047979864955953336
0.00017062644521960665
0.00046765469511380193
0.00011564295967842923
0.000724687835539745
0.00028778235303975465
0.0002499532965165855
0.0003100308440900918
0.0007521091845907507
0.0004287282537312779
0.00022825503639300012
0.0003345423025264479
0.00030216183667751027
0.0002951431041857613
0.00036151440990992687
0.0003578836419653221
0.00046996425631146935
0.00043529355711734657
0.0005023791190903074
0.000104733571822728
0.0003435248550370323
0.0006510586382569146
0.0002936037869071094
0.00023727547389150802
0.0002901842926547368
0.0002198651835238303
0.0002634490380892714
0.0004955320819312915
0.00020246316562026352
0.0005235854910858507
0.00027040100325745504
0.0004748596357499984
0.00013387324881435753
0.000261158532303718
0.00016722648838690034
0.00022464611810805267
0.00023392182483000586
7.649104327969073e-05
6.623064906246996e-05
0.00032005455608461375
0.00044295825457114874
9.263611391459233e-05
0.00025634647441681287
0.0003192525464132259
0.00022461849202085014
8.998282724779976e-05
0.0002492207046553633
6.280854254873878e-05
7.537366433182528e-05
0.0002050107945671804
0.0002192671793812926
0.00011440606292358185
9.494994912437882e-05
0.00021337865908138145
0.00022801212804697015
0.0001404317054293739
0.00011119003747609217
3.319184539974166e-05
2.0353560149291835e-05
0.00022961401127806816
0.00018029196237768125
0.00014933962227353325
5.0279865851328214e-05
0.000187715464841242
0.00014110651386537164
4.67063149641e-05
7.976936404999214e-05
0.00019237020578707356
0.00011988291683177456
5.9205058138589097e-05
0.00015543403068820114
6.107389873745336e-05
0.00017779180681840642
0.0002073494123921097
6.294757119446493e-05
4.642355073497154e-05
0.00012571234642578678
6.150154132695996e-05
6.483066349650522e-05
6.534721804546807e-05
2.2745449859890333e-05
0.00017707953017700597
0.0001088839449877274
0.00011319322885776869
0.00010072505115332911
0.0001408147012311337
2.3357894950189918e-05
2.6258339148523638e-05
7.347368392336872e-05
0.00010366343640855246
4.690839309827895e-05
3.41918635971549e-05
0.000111246908863255
7.182996003962984e-05
0.000117818730087341
2.050352609752174e-05
0.0001510339249122041
5.29472614928004e-05
6.500692965639948e-05
3.422122268576753e-05
0.0001589360068178153
0.00011926834362157471
0.00011177889420134546
9.19618102344492e-05
6.822107003658643e-05
1.7972751046275034e-05
2.3472394921038452e-05
4.147954638976706e-05
8.043331832689351e-05
6.424173635449341e-05
6.953321162014603e-05
1.205846476852006e-05
6.714623124604507e-05
5.74877947715555e-05
7.349198320395188e-05
3.820456874876837e-06
4.175368903934534e-05
7.131403336632435e-05
3.558977245219866e-05
4.698940505424843e-05
7.322262748830693e-05
3.950145897811698e-05
1.9192326389335022e-05
5.3397415880612165e-05
4.0928568769419995e-05
1.5553999792136994e-05
1.1793416309346853e-05
0.00010985071851855641
1.4867940427004067e-05
7.525676657119418e-05
1.5941786222568904e-05
5.141668054177438e-05
1.7052455808376898e-05
1.801356832031352e-05
1.680459820887753e-05
3.6474506766595596e-05
5.203869491295914e-06
1.1460891407054654e-05
3.2994340683223646e-05
1.3351760710684497e-05
3.04789145554211e-05
1.198753001105512e-05
7.926935781167861e-06
5.457599002367261e-05
1.578784687410525e-05
3.007503726244506e-05
3.564927367436814e-06
1.6596131256905937e-05
1.2881771106851861e-05
2.082421499792176e-05
7.415153668865664e-06
3.188335505151312e-05
2.0542099976340667e-05
1.5334672426927215e-05
3.373186588263822e-05
1.7845344179174706e-05
4.688236614715538e-06
9.253001043106972e-06
1.5172401687436634e-05
3.0931792531571525e-06
1.191027353654749e-05
5.488511945037067e-06
1.527583423674564e-05
1.2051216192992049e-05
1.256324479964959e-05
1.8209915586332241e-06
1.5990061997292877e-05
5.115416792817137e-06
7.1404453853345095e-06
6.115076995291437e-06
4.723081043816969e-06
2.8491580970931907e-06
9.360145868269112e-06
5.7178060082144504e-06
1.870601353494403e-06
4.295482962639518e-07
3.005017545249369e-07
3.1113676442450367e-07
6.948451057650408e-08
1.4298741405996154e-07
7.987718715914367e-08
1.4151240670163616e-07
2.098199729396965e-07
2.3466805131127232e-07
2.244634887774036e-07
1.1973143324912905e-07
2.498488518305333e-07
1.54993537534875e-07
1.371296262485626e-07
3.142511802596252e-07
1.8671366235277684e-07
3.6668980696451496e-08
1.0038307528997927e-07
1.0888405287302883e-07
1.810977050820938e-07
2.394416206602284e-07
1.5524431217991674e-07
1.0422974966980478e-07
1.6560865924886807e-07
1.65119648894827e-07
2.0449677674249663e-07
4.3426762419100645e-08
8.199611176703284e-08
1.5296755768856455e-07
6.390456671132137e-08
4.361062691942692e-08
3.2400017244165005e-07
9.977111968283948e-08
2.4774397540300063e-07
1.7069760758363309e-07
1.1424718824388617e-07
9.936395150799126e-08
1.6884377087266743e-07
1.7613300825195327e-07
1.0987320616616223e-07
1.520308997228217e-07
6.897503134735565e-08
4.607114140189428e-08
1.4128870428846287e-07
9.966306518218134e-08
5.373263619370001e-08
1.6674465379555424e-07
1.8584015595375884e-07
1.2294298518890313e-07
1.9573947635466972e-07
1.8599538848796713e-07
2.792493930331932e-07
1.769998303683935e-07
1.5123453197191542e-07
7.853385008177969e-08
1.5939767683392326e-07
1.5460509444374454e-07
1.5136493221073512e-07
1.4902549164030315e-07
1.054654245085582e-07
1.1211577562747138e-07
9.219040336470508e-08
3.7642640119839487e-07
2.0426464592029457e-07
6.528642422173816e-08
8.038386578130597e-08
7.58703716473387e-08
1.1530290907940673e-07
2.4275357138561144e-07
8.29987150073064e-08
1.9353684260972473e-08
2.218519423634945e-07
1.667429517938568e-07
8.908640085095702e-08
1.4402928457100926e-07
3.8655837817375847e-07
1.2973427784203904e-07
9.303457057396215e-08
7.426938246553914e-08
1.3479236175513185e-07
7.130681894560113e-08
1.4659177182375898e-07
8.304009404741544e-08
1.1898146869949686e-07
9.8920576304406e-08
1.7596971509397368e-07
4.577406330817363e-08
6.143497798446251e-08
2.8078622952766162e-08
1.827551962148498e-08
9.545344706202978e-08
6.479084962818361e-08
9.280146344162645e-08
1.273710256966341e-07
8.625012287694253e-08
2.7567969571673967e-08
8.373367890843747e-08
1.9354213355491908e-07
5.4951913993331866e-08
9.530060427330661e-08
1.863267236143403e-07
7.291306017805688e-08
2.6564083020148154e-07
9.611336483552298e-08
6.143309685741505e-08
8.799410464886101e-08
1.998835335252887e-08
1.6558818103933757e-07
8.859970174980271e-08
1.1010324141873115e-07
1.8917196572947467e-07
1.4731398979856334e-07
9.996618390451787e-08
8.870101169013589e-08
1.4021237142455632e-07
8.456908515394483e-09
1.4025693987527657e-07
1.4118615626725458e-07
1.0639479859774135e-07
1.479921669285087e-07
7.950967002260422e-08
1.6422787133127907e-07
1.4768595116746175e-07
1.2784027725421956e-07
1.2859121328348257e-07
1.763130341577847e-07
1.4152808887681873e-07
2.3980078459215036e-07
1.9986944228639978e-07
1.0710221572838163e-07
2.004683698415037e-07
6.982931738014366e-08
5.970771938619876e-08
1.4224868938916712e-07
2.3704845319377302e-07
2.3307530319647692e-07
1.7723488884362322e-07
9.129815513907402e-08
1.0012046377601929e-07
9.872800369959395e-08
8.04644297720017e-08
6.962412026327018e-08
3.546559482190017e-08
9.420202179712146e-08
1.3694460361146734e-07
7.884017980087355e-08
1.1016551067222952e-07
6.660210605037074e-08
9.977822189587437e-08
1.1733390174415349e-07
2.576635938289173e-07
1.4869522973830333e-07
3.420216082558368e-08
5.9462691413616967e-08
1.3093418390125463e-08
5.9462691413616967e-08
3.420216082558368e-08
1.4869522973830333e-07
2.576635938289173e-07
1.1733390174415349e-07
9.977822189587437e-08
6.660210605037074e-08
1.1016551067222952e-07
7.884017980087355e-08
1.3694460361146734e-07
9.420202179712146e-08
3.546559482190017e-08
6.962412026327018e-08
8.04644297720017e-08
9.872800369959395e-08
1.0012046377601929e-07
9.129815513907402e-08
1.7723488884362322e-07
2.3307530319647692e-07
2.3704845319377302e-07
1.4224868938916712e-07
5.970771938619876e-08
6.982931738014366e-08
2.004683698415037e-07
1.0710221572838163e-07
1.9986944228639978e-07
2.3980078459215036e-07
1.4152808887681873e-07
1.763130341577847e-07
1.2859121328348257e-07
1.2784027725421956e-07
1.4768595116746175e-07
1.6422787133127907e-07
7.950967002260422e-08
1.479921669285087e-07
1.0639479859774135e-07
1.4118615626725458e-07
1.4025693987527657e-07
8.456908515394483e-09
1.4021237142455632e-07
8.870101169013589e-08
9.996618390451787e-08
1.4731398979856334e-07
1.8917196572947467e-07
1.1010324141873115e-07
8.859970174980271e-08
1.6558818103933757e-07
1.998835335252887e-08
8.799410464886101e-08
6.143309685741505e-08
9.611336483552298e-08
2.6564083020148154e-07
7.291306017805688e-08
1.863267236143403e-07
9.530060427330661e-08
5.4951913993331866e-08
1.9354213355491908e-07
8.373367890843747e-08
2.7567969571673967e-08
8.625012287694253e-08
1.273710256966341e-07
9.280146344162645e-08
6.479084962818361e-08
9.545344706202978e-08
1.827551962148498e-08
2.8078622952766162e-08
6.143497798446251e-08
4.577406330817363e-08
1.7596971509397368e-07
9.8920576304406e-08
1.1898146869949686e-07
8.304009404741544e-08
1.4659177182375898e-07
7.130681894560113e-08
1.3479236175513185e-07
7.426938246553914e-08
9.303457057396215e-08
1.2973427784203904e-07
3.8655837817375847e-07
1.4402928457100926e-07
8.908640085095702e-08
1.667429517938568e-07
2.218519423634945e-07
1.9353684260972473e-08
8.29987150073064e-08
2.4275357138561144e-07
1.1530290907940673e-07
7.58703716473387e-08
8.038386578130597e-08
6.528642422173816e-08
2.0426464592029457e-07
3.7642640119839487e-07
9.219040336470508e-08
1.1211577562747138e-07
1.054654245085582e-07
1.4902549164030315e-07
1.5136493221073512e-07
1.5460509444374454e-07
1.5939767683392326e-07
7.853385008177969e-08
1.5123453197191542e-07
1.769998303683935e-07
2.792493930331932e-07
1.8599538848796713e-07
1.9573947635466972e-07
1.2294298518890313e-07
1.8584015595375884e-07
1.6674465379555424e-07
5.373263619370001e-08
9.966306518218134e-08
1.4128870428846287e-07
4.607114140189428e-08
6.897503134735565e-08
1.520308997228217e-07
1.0987320616616223e-07
1.7613300825195327e-07
1.6884377087266743e-07
9.936395150799126e-08
1.1424718824388617e-07
1.7069760758363309e-07
2.4774397540300063e-07
9.977111968283948e-08
3.2400017244165005e-07
4.361062691942692e-08
6.390456671132137e-08
1.5296755768856455e-07
8.199611176703284e-08
4.3426762419100645e-08
2.0449677674249663e-07
1.65119648894827e-07
1.6560865924886807e-07
1.0422974966980478e-07
1.5524431217991674e-07
2.394416206602284e-07
1.810977050820938e-07
1.0888405287302883e-07
1.0038307528997927e-07
3.6668980696451496e-08
1.8671366235277684e-07
3.142511802596252e-07
1.371296262485626e-07
1.54993537534875e-07
2.498488518305333e-07
1.1973143324912905e-07
2.244634887774036e-07
2.3466805131127232e-07
2.098199729396965e-07
1.4151240670163616e-07
7.987718715914367e-08
1.4298741405996154e-07
6.948451057650408e-08
3.1113676442450367e-07
3.005017545249369e-07
4.295482962639518e-07
1.870601353494403e-06
5.7178060082144504e-06
9.360145868269112e-06
2.8491580970931907e-06
4.723081043816969e-06
6.115076995291437e-06
7.1404453853345095e-06
5.115416792817137e-06
1.5990061997292877e-05
1.8209915586332241e-06
1.256324479964959e-05
1.2051216192992049e-05
1.527583423674564e-05
5.488511945037067e-06
1.191027353654749e-05
3.0931792531571525e-06
1.5172401687436634e-05
9.253001043106972e-06
4.688236614715538e-06
1.7845344179174706e-05
3.373186588263822e-05
1.5334672426927215e-05
2.0542099976340667e-05
3.188335505151312e-05
7.415153668865664e-06
2.082421499792176e-05
1.2881771106851861e-05
1.6596131256905937e-05
3.564927367436814e-06
3.007503726244506e-05
1.578784687410525e-05
5.457599002367261e-05
7.926935781167861e-06
1.198753001105512e-05
3.04789145554211e-05
1.3351760710684497e-05
3.2994340683223646e-05
1.1460891407054654e-05
5.203869491295914e-06
3.6474506766595596e-05
1.680459820887753e-05
1.801356832031352e-05
1.7052455808376898e-05
5.141668054177438e-05
1.5941786222568904e-05
7.525676657119418e-05
1.4867940427004067e-05
0.00010985071851855641
1.1793416309346853e-05
1.5553999792136994e-05
4.0928568769419995e-05
5.3397415880612165e-05
1.9192326389335022e-05
3.950145897811698e-05
7.322262748830693e-05
4.698940505424843e-05
3.558977245219866e-05
7.131403336632435e-05
4.175368903934534e-05
3.820456874876837e-06
7.349198320395188e-05
5.74877947715555e-05
6.714623124604507e-05
1.205846476852006e-05
6.953321162014603e-05
6.424173635449341e-05
8.043331832689351e-05
4.147954638976706e-05
2.3472394921038452e-05
1.7972751046275034e-05
6.822107003658643e-05
9.19618102344492e-05
0.00011177889420134546
0.00011926834362157471
0.0001589360068178153
3.422122268576753e-05
6.500692965639948e-05
5.29472614928004e-05
0.0001510339249122041
2.050352609752174e-05
0.000117818730087341
7.182996003962984e-05
0.000111246908863255
3.41918635971549e-05
4.690839309827895e-05
0.00010366343640855246
7.347368392336872e-05
2.6258339148523638e-05
2.3357894950189918e-05
0.0001408147012311337
0.00010072505115332911
0.00011319322885776869
0.0001088839449877274
0.00017707953017700597
2.2745449859890333e-05
6.534721804546807e-05
6.483066349650522e-05
6.150154132695996e-05
0.00012571234642578678
4.642355073497154e-05
6.294757119446493e-05
0.0002073494123921097
0.00017779180681840642
6.107389873745336e-05
0.00015543403068820114
5.9205058138589097e-05
0.00011988291683177456
0.00019237020578707356
7.976936404999214e-05
4.67063149641e-05
0.00014110651386537164
0.000187715464841242
5.0279865851328214e-05
0.00014933962227353325
0.00018029196237768125
0.00022961401127806816
2.0353560149291835e-05
3.319184539974166e-05
0.00011119003747609217
0.0001404317054293739
0.00022801212804697015
0.00021337865908138145
9.494994912437882e-05
0.00011440606292358185
0.0002192671793812926
0.0002050107945671804
7.537366433182528e-05
6.280854254873878e-05
0.0002492207046553633
8.998282724779976e-05
0.00022461849202085014
0.0003192525464132259
0.00025634647441681287
9.263611391459233e-05
0.00044295825457114874
0.00032005455608461375
6.623064906246996e-05
7.649104327969073e-05
0.00023392182483000586
0.00022464611810805267
0.00016722648838690034
0.000261158532303718
0.00013387324881435753
0.0004748596357499984
0.00027040100325745504
0.0005235854910858507
0.00020246316562026352
0.0004955320819312915
0.0002634490380892714
0.0002198651835238303
0.0002901842926547368
0.00023727547389150802
0.0002936037869071094
0.0006510586382569146
0.0003435248550370323
0.000104733571822728
0.0005023791190903074
0.00043529355711734657
0.00046996425631146935
0.0003578836419653221
0.00036151440990992687
0.0002951431041857613
0.00030216183667751027
0.0003345423025264479
0.00022825503639300012
0.0004287282537312779
0.0007521091845907507
0.0003100308440900918
0.0002499532965165855
0.00028778235303975465
0.000724687835539745
0.00011564295967842923
0.00046765469511380193
0.00017062644521960665
0.00047979864955953336
0.0004190187173271101
0.0003032669177334159
0.0004909749294427327
0.00012286115493360746
0.000550015850608902
0.0002745105611513713
0.00014652207997688027
9.364997521848402e-05
0.0006383988940128092
0.0004103646163592916
0.0006722364238671946
0.0006914407695064349
0.0006632129518174497
0.0007314209465095799
0.0003290077380922351
0.00024184280583352922
0.0003703550969121508
0.0003535739337869558
0.00037861793107162256
0.0006433145375935905
0.0003061276341685561
0.00044386135462360385
0.00012292293010131956
0.000310050441578975
0.00045258749803511153
0.0011552906788450945
0.00020662308797733534
0.0007882955026915545
0.0009802583788185851
0.0006319642401713975
0.00039439201177684683
0.00024134781934858826
0.0002870350507957606
0.00047862381365047687
0.00042202280749495635
0.0008108933862378459
0.0011071487271157412
0.000718977850679503
0.0008287831391418403
0.00033949136555779354
0.0001248826035195608
0.00021449727680497495
0.0003050463025274065
0.000837085228338317
0.0004909171512057474
0.00036212946409506174
0.00010362924754894102
0.0006886716254830643
0.0002760677776468907
4.354149779214626e-05
0.0003392399050599593
0.0004521282554767043
0.00012410758464692629
0.0002545829590058287
0.0004325295684861195
0.0002912557995653471
0.0010428711557835292
0.0008512740939996575
0.00042608051298245714
0.0002972966613759792
0.000738288014358516
0.0007612400171150086
0.0008439293630192079
0.0005552644812094063
0.0006326624256453312
0.0005629041358326082
0.000302237901200454
0.0005350245751109754
0.00025016843369989695
0.00012640932024035172
0.0001490193626483235
0.0004606602223826947
0.0010735949872623283
0.0008676324483942088
0.0004913362500157453
0.0021356808524668064
0.002358289204804715
0.00043403720756405716
0.001734772647098567
0.0023326130831174416
0.0004157610776662052
0.0016930846993433895
0.0027810163537886753
0.0044415265335828345
0.0027206609047591753
0.0022532819476579723
0.003749610419968899
0.0024175366001016555
0.005170193095901349
0.0034124611731385928
0.003783895283734932
0.002967060875557297
0.0009038460697366736
0.0010760936497878138
0.001056259254726551
0.0009206891575737569
0.0008815580567730508
0.0007129985249574775
0.0019104382154674349
0.0014258245995050483
0.002032994889506232
0.0004043175127273233
0.0008085704448408811
0.0021793966804904575
0.001052445888949224
0.0010944218632319128
0.004142518400245803
0.0018656539329672678
0.005528093858278071
0.003359770760889726
0.0014986228873560478
0.007769188101494178
0.0022762972988947965
0.003235738191099492
0.0034438229003169478
0.001314002813897746
0.003907262190057586
0.0004455493781951814
0.0015848129696071297
0.0020708501715799225
0.0021125564803308114
0.002779346045975177
0.0032307705208576586
0.0019152983014182436
0.001052409168553834
0.0017837162225072902
0.0012636017469049472
0.0005064884209475908
0.0017265522775046806
0.0014400030031064956
0.0015259978871923537
0.003537635806853735
0.001505083795473362
0.002974435267492561
0.007887627661493802
0.0066234067839790875
0.003135620168237384
0.0024212666549256736
0.0039188904062207345
0.0009720219006940224
0.0027670910624589197
0.0018881923461448965
0.004002375083323668
0.008697015415331348
0.004438812564950681
0.0037499007651111875
0.0050431060835775705
0.001973202126373933
0.0048590679652036
0.0036695207702442576
0.00568340608602821
0.0014134803100879921
0.0021940023732381917
0.0034770307188334523
0.003504896543869458
0.003942277282084617
0.006869460965194774
0.009477127387473286
0.010166125814455937
0.005174345117618392
0.04886044125895707
0.01308461896680386
0.004346545539042623
0.01846966091555029
0.008261047155731295
0.020734821044205674
0.0262945168557191
0.002419030776139768
0.047924925847095845
0.0011902624721443341
