0.0033391952642133566
0.006739689910156859
0.0020425663454513086
0.004796379094978097
0.005784318163424691
0.010413180771158582
0.011997697681575773
0.010099140140383142
0.009399883755641839
0.002482955853277787
0.0037445536358733217
0.007483078831981388
0.007263157073130061
0.003404118912642614
0.005298297522582797
0.0015120737267805045
0.012247360288916221
0.002270140995899388
0.00043237418563414344
0.003332461962854606
0.002316383659343322
0.0071067683200241585
0.0023845756700661812
0.00030540639240719364
0.002274660654565618
0.005645159376875796
0.005060814543900384
0.0015061792978616196
0.004707059915027291
0.0014825099195604965
0.005848789580745993
0.0002406454653556829
0.0016343466721480593
0.0007983129752002694
0.0007040038005561254
0.006013444174027962
0.001401821306177642
0.0016094578808075214
0.0020369062100770293
0.00461331088473951
0.0015015423271669437
0.0019450562443432417
0.009912673197426338
0.0038361182005309186
0.0029563530667049026
0.0016254038184877907
0.002053822775968484
0.0023617442007074435
0.002715068933163803
0.0021252733075923496
0.012543608956483114
0.0013198956498583262
0.004093306090875332
0.02892538666749456
0.000547259947547098
0.0030055103178565894
0.003050865441927426
0.0014203540390400602
0.0031485980442260953
0.001425886536060667
0.0011753374493208555
0.0018063915213208644
0.0009579013046328303
0.010450636026639204
0.0022300824311114534
0.00010313548417570752
0.000858377842907995
0.00027341619943711343
0.0006515110122254868
0.003151307647751083
0.0018449113042732835
0.000671498098553478
0.002114014292200562
0.0008204806659585874
0.0003422590715109763
0.006982836837905668
0.0020725645164334713
0.0013974089679603145
0.0019380139684354912
0.0017484159360642631
0.0007697024663105827
0.0005510926527983862
0.0018387485789432656
0.00035106152997304674
0.0008887275949398153
0.0009451265473820159
0.0017798510544497557
0.0002620680798068022
0.0006179631205802545
0.0015216131782630976
0.0003877792834401482
0.0008415204035272311
0.000693187354156524
0.004613445165220344
0.0030238911626321403
0.0019909024892636176
0.0011546528717067603
0.0007351101073485442
0.0010187119441338948
0.0007600318758634205
0.0033428339630154134
0.002133722523155902
0.000615623016203797
0.00048287506954080667
0.00025734999733936136
0.0002921144050078325
0.0012138096993350566
0.001476185528654632
0.0013959931298038843
0.0009826058116986164
0.0011716607377501675
0.001227499086697319
0.0059332811047570705
0.0015989690824258637
0.0006174449401742159
0.0007692570902358613
0.000855038297076728
0.0030058645286892755
0.0018907754514709137
0.0010136033820408307
0.0009289984806203215
0.0013466867423404297
0.0007865873526656063
0.001864081375232762
0.00015837036533514478
3.192460559550145e-05
0.002389632996100785
0.0016059812828105096
0.0009543442248023742
0.002912148051436128
0.001291053802493139
0.002451952733634354
0.0020248049033163374
0.0028749286320129256
0.002184942081934218
0.0006693598990838848
0.0004071824174442958
0.0014515800948456592
0.00019242562654845475
0.0010242025500394028
0.0007194227747335145
0.0006626764840304123
0.0005555896779042612
0.0007050760826148363
0.0006173711306287887
0.0007707934963347118
0.004690039479810595
0.0009988055317139853
0.0016023603330554746
0.0009566026748557351
0.0020751152588797217
0.00033355100802498304
0.0014386024645892316
0.0025650251047215234
0.0014157896968444346
0.0008323743669660456
0.00029378050523603177
0.0005695782172843846
0.00205625106751859
0.0011500847642235159
0.0019623889556321236
0.0007286788708785323
0.0010355020265912273
0.0021959820698012654
0.0010577445234646865
0.0014649244007008445
0.0012926256085094485
0.000805072576359031
0.0019924403299931047
0.0004008619808490565
0.001979278021913521
0.00032059726091102867
0.0004051560113792042
0.0004960245222597228
0.0012397254868442844
0.0022234426308836786
0.0008618938000747769
0.0007276001231458048
0.0004014206606317214
0.0002933393620749921
0.0007425744240838985
0.0010395725390024563
0.00041429427718937676
0.00012025575732058063
0.0005278436875645049
0.001158367419390904
0.0014628040028969319
0.0001513505247498694
0.0009956565708458662
0.0008741336049130011
0.0009563027601066463
0.0018763379001743967
0.0011893342594576294
0.0010898560869618142
0.000365378428827998
0.000914725635840862
0.001295275501392154
0.00025420932401162784
0.000710101872483839
9.719329369510884e-05
0.00041402844056725763
0.0011234083553956714
0.0008719356925088982
0.001509631524268752
0.0010030414160781145
0.0005527260654446338
0.0010630809849494357
0.0010754002990730656
0.0003723968423800464
0.0009666074374573477
0.0010638594903655282
0.0007024151859537933
0.0006053070497867221
0.00043707134234927266
0.0008878194889478879
0.0023653812023246125
0.0006603692699000538
0.0006234241362158069
0.00034649212626347255
0.0005532593787431174
0.0009442650337822029
0.0002658430678337659
0.0005029426702096737
0.0007186310866681574
0.0009739084664257972
0.00017382874797205675
0.00037616171083267605
0.0009811168665890492
0.0007339634626273629
0.00028870773845687423
0.00028340573486849356
0.0005087554725450181
0.00014719992703294846
0.0001565323432081892
0.00048104027689833473
0.0013821323449937576
0.0015662678650389843
0.0011669483580708758
0.0005270825541901352
0.0008252159985392511
0.00021553161603049848
0.0004458986900422116
0.0003440901952970125
0.00035863096040787793
0.0004813560286095522
0.0006321966459774513
0.0004899024734756508
0.0005236352030850618
0.00038164705600303114
0.00036269272371251517
0.0004351380886993968
0.0008885323085599399
0.0008303995592760255
0.00019358554244151716
0.0003647132708157832
0.00012968556120939185
0.00036616336733182503
0.0006063998476670352
0.0006566325487273156
0.0004682092782156311
0.0004056469372095847
0.0007237986600544431
0.0005656563467366716
0.0014207304790874531
0.000494880755412791
6.66426058763704e-05
0.00046341709794750074
0.000980206814998189
0.00038003261096940027
0.0006072521606194685
0.0001829358005388531
0.00017217886438701806
0.0003094122344407764
0.0003916146112611873
0.00039069861501433403
0.0003005917706513757
0.00015368587558191326
0.00029198945881403195
0.000298352781045435
0.0001538951392115594
0.0003841947681074924
0.00020628656096524756
0.00043990905892068186
0.0005124414509351506
0.00032698877975377317
0.0004202063944728716
0.00048461919383007297
0.00017192555234998372
4.270180591743739e-05
0.0002377113797646153
0.0006367022830617952
0.0005582078002816437
0.0001469714136098898
0.00011350038327546442
4.837528866929503e-05
0.00023682030458185057
0.0004839247658750072
0.0007770460569722818
0.0003665578012150402
0.0005773929658514465
0.00017537555498493582
0.00018648997239858876
0.00020989357180335746
0.00017001499251080677
0.0002427786499574693
0.0002659546214170702
0.0012142976424912714
0.0003174919557793218
0.00047532758734203644
0.0008075501370296959
0.0006909429053718066
0.000347917947162231
0.00044102520179604564
0.0006714164010203916
0.0004897887767306397
0.0005774077252362334
0.0006174118243904285
3.850194689070585e-05
0.00011583374268485944
0.0002246531025720415
0.0009036451970825004
0.00028676082336324276
0.00037410439458012416
6.710535385562403e-05
0.0004717942418024119
0.00016136004829695125
0.0002644492631474379
0.00018615552736510893
0.00038854744335472933
0.0004699892150603457
0.0002999265112597284
3.920970523960874e-05
0.00028592256530144246
0.00021001794216258694
0.00021973542057953014
0.00029539704079289427
0.000277646697654766
6.671459523017797e-05
0.00015621206321278782
0.0002929186294815968
0.0005292827376426827
0.0004451802531790738
0.00041712120138042325
0.0003228447449765098
6.350306109730818e-05
2.967004914199954e-05
3.454738105773123e-05
1.9458284411568653e-05
1.7868855741168646e-05
3.7015146484275406e-06
3.4223130338205212e-06
2.6177624727814446e-06
1.5691488836109635e-06
1.8427422948752e-06
2.9205900274526353e-06
1.9561528257956992e-06
2.376389547128171e-06
2.3831189685598785e-06
2.3154351975564477e-06
2.184623629808772e-06
1.9440995126621503e-06
2.5209489799945787e-06
2.064503590800337e-06
2.2856440606459388e-06
2.099997194628984e-06
2.3626197895054095e-06
2.2618710048601236e-06
1.6344464939516133e-06
1.6988135581206008e-06
2.1353081192191596e-06
2.3501103255422767e-06
2.016468054829249e-06
2.3001291239265804e-06
2.2915357632784145e-06
1.8921976736456777e-06
1.9830435885191254e-06
2.4400004396580048e-06
2.2974193712853505e-06
2.1189375942996247e-06
2.2494673818486694e-06
2.0948807808572712e-06
2.207743713584337e-06
2.1928888572515395e-06
1.9288006854929655e-06
1.777133854090305e-06
2.2500414496256155e-06
2.009224209599942e-06
2.016885425223943e-06
1.5649654682902586e-06
1.419250263076742e-06
1.8929746375032417e-06
1.749052334991456e-06
1.7793080230580868e-06
2.1765661173839713e-06
2.2745673618272923e-06
1.9485873906903506e-06
1.6356448384020722e-06
2.2337625688415356e-06
2.225234766177244e-06
2.1441432882872994e-06
1.939706657179803e-06
1.7768674026755776e-06
1.5987695941900148e-06
1.4247690324600643e-06
1.9808282233660395e-06
2.1441482469735397e-06
2.212014451751826e-06
1.6954225911197791e-06
1.7707597315130417e-06
2.4617935636781493e-06
2.2046101279488455e-06
2.1718194307492266e-06
2.0423406299307344e-06
2.1483931678137627e-06
2.308385090803472e-06
1.7475210948628999e-06
1.8186760752597293e-06
1.9805432625216507e-06
2.031358276745534e-06
1.9729844005361237e-06
1.775671068443988e-06
1.7500976546411128e-06
1.925375884538603e-06
1.7783454032825594e-06
1.9063681656193165e-06
2.045963601283158e-06
2.26622499839415e-06
1.8789753464572443e-06
1.7362874197309392e-06
1.9526075781073427e-06
1.6895662390139952e-06
1.975975940175693e-06
2.127609260780758e-06
1.684832503567856e-06
1.817906077522881e-06
1.385840706362957e-06
1.5905680578770178e-06
2.464429176562208e-06
1.6447129368819237e-06
1.854401294166866e-06
2.147417182034207e-06
1.8114847125778996e-06
1.7560377824177802e-06
1.5683479880568036e-06
1.9130883312801884e-06
1.718111520055675e-06
1.628817334766114e-06
1.803258805541851e-06
2.0005435630576405e-06
1.811616320109867e-06
2.303686107313901e-06
1.9819842575762236e-06
1.7667031618571985e-06
1.6070897956833775e-06
1.988610714000262e-06
1.5730100581315254e-06
1.4081716772613247e-06
1.4444000424384611e-06
1.7019027802916426e-06
1.4260428685934976e-06
1.647270620918552e-06
1.7441394071952636e-06
1.5372702893986393e-06
1.6853858236114755e-06
2.1548601214898446e-06
2.2218159087352697e-06
1.9063357105083473e-06
1.629361605629153e-06
1.9083510286017737e-06
1.4886286924849737e-06
1.7485172353006186e-06
1.4772491220652642e-06
1.7720710016091144e-06
1.652382180749451e-06
2.089750722324085e-06
1.6568378136066562e-06
1.7897286078693418e-06
1.5156467349877275e-06
1.8089166729711075e-06
1.6370066074436088e-06
1.8987556036991418e-06
1.9482785554545952e-06
2.1901707546649054e-06
1.8504371646567386e-06
1.2220413265574318e-06
1.8434724922536931e-06
1.8785313842243045e-06
2.073804618143942e-06
2.006788045049056e-06
1.9707303429489554e-06
1.3361017464487733e-06
1.563165460719165e-06
2.0451461644525145e-06
2.187891906973921e-06
1.6642805907867253e-06
1.742264211944809e-06
1.8717691995728954e-06
1.7746949198603828e-06
1.7926243510067978e-06
1.5645292165210027e-06
1.807423218555018e-06
1.9729628634367785e-06
1.922593426170844e-06
2.1107751981340483e-06
1.5436802726680377e-06
1.9808739225870527e-06
1.7250579951139695e-06
2.1442429183249847e-06
2.1533972302817777e-06
2.3801463534652407e-06
1.8463079127818704e-06
1.36378752513966e-06
2.0813868557933827e-06
1.1617952610002233e-06
1.63470134932981e-06
2.057134535210842e-06
2.069154704264881e-06
1.9293824480995196e-06
2.1903118503167387e-06
1.6872858811506442e-06
1.8904111106282945e-06
1.854802024273599e-06
1.194359633056577e-06
1.932498076035785e-06
1.6864831886574787e-06
1.9980041493437873e-06
1.7425420046808599e-06
1.4517358968057748e-06
2.159497416494712e-06
1.7193877939119302e-06
1.6129570998715088e-06
1.930014126754773e-06
1.7910720442279197e-06
1.4635343085144984e-06
1.845579204449996e-06
1.989079626138811e-06
2.064126871833744e-06
1.7273865387170458e-06
2.068375600292439e-06
1.7129992201223652e-06
1.8263496540669092e-06
1.8063805409798612e-06
1.4857610524289688e-06
1.7315984636597808e-06
1.655896323378898e-06
1.6970100542498799e-06
2.3040879823659406e-06
1.6664217839742007e-06
2.0919063966400716e-06
2.4802459016495954e-06
1.9179744888298232e-06
1.6336122556815951e-06
1.6026357041596535e-06
1.8984356330882963e-06
1.744612392377898e-06
2.141059107279574e-06
1.7993023320208458e-06
1.5796287523046043e-06
1.808483840267626e-06
1.9740320544237643e-06
2.268717110997357e-06
2.1587315491770004e-06
1.8192036606415133e-06
1.7356928093473282e-06
1.9302036941022807e-06
2.08846440932577e-06
1.6680897470342114e-06
1.8890473583273084e-06
1.7541127803261596e-06
2.1548393122913234e-06
1.6872834471203245e-06
1.5001923993186554e-06
1.64697991266938e-06
2.0974597992147697e-06
1.4742127727244766e-06
1.7765744970881575e-06
1.3807474923632356e-06
2.066063212467655e-06
1.651658174361815e-06
1.8118844183307788e-06
1.78302733707283e-06
1.7749271202581833e-06
1.7772613571005854e-06
1.7330993438614402e-06
2.0393383298671374e-06
1.9259590347883917e-06
1.5797834469870784e-06
1.8136106085268755e-06
2.156606707168809e-06
1.7665404221327026e-06
1.8728485672875795e-06
2.1816567033040352e-06
2.178118939787852e-06
1.4506344782756072e-06
2.131547303528862e-06
1.5881105324857077e-06
2.024116892715738e-06
1.907194312238293e-06
1.9615166373510074e-06
1.8510715485135058e-06
1.6218967358680874e-06
1.7228571381758159e-06
2.1526297174493714e-06
2.2556685316941267e-06
2.1049395680534053e-06
1.7955600810632737e-06
1.832304543351802e-06
2.237937673111893e-06
2.0908509765265294e-06
1.8953229889639634e-06
1.7568840568540828e-06
1.7983713566348443e-06
1.8429157930380502e-06
2.050594030771143e-06
1.815008976601584e-06
2.1339854082995225e-06
1.8575941884869773e-06
1.6798483798926546e-06
2.1012319421793892e-06
2.3226649227989166e-06
1.913797897398779e-06
2.1705105841331215e-06
2.3036056441093807e-06
2.066515858251374e-06
2.1012978971301945e-06
2.2382109226610783e-06
1.8434815870620261e-06
2.0499901688069537e-06
2.3741986107036996e-06
2.273637675443342e-06
2.1295439846884747e-06
2.2791542825180908e-06
2.2264633237547e-06
2.216725745143768e-06
2.2316202072224974e-06
2.51638525235021e-06
2.3875765383603825e-06
2.2088413714358295e-06
2.2617281995675496e-06
2.319075869893022e-06
1.844488491284803e-06
2.3490755386071516e-06
1.941349081603876e-06
2.4140175337421885e-06
2.1646428200133843e-06
2.2238594441597155e-06
2.0924589462170867e-06
1.565588541021732e-06
2.9592684377360915e-06
2.7660397970276032e-06
7.369394625007472e-07
3.4268598161108276e-06
4.759009904429724e-06
3.191187563280853e-05
3.807946601034787e-05
8.610360657150696e-05
0.00010893504311204512
0.0001651973191275891
0.00011187075322286113
0.0005832101023505114
0.00013300975300126726
0.0002913273843579983
0.00036918551307734543
0.00039315623409320416
0.00027783021190095464
0.00034313745131736594
0.0001742103763817389
3.670876972749571e-05
0.0001292126261096762
8.031538548371932e-05
1.1870919491350867e-05
0.0003248489459547416
0.0007114209294597515
0.0007115579056061008
0.00018012744211605777
0.00037896721581468103
0.00012585500152892463
9.044180668873289e-05
0.00022268656853831453
0.0002039023702931039
0.0005239715286378703
0.0006614087280688702
0.0001803165832200536
0.00022209872446953994
0.00041714935591353813
0.00023316149298727314
0.00032694981951461274
8.331857782772709e-05
0.000330134177487881
0.0004673745338536429
0.0003034503413150931
0.0009832150509627717
0.000168587952790401
0.000955480022415363
0.0007395451956678637
0.0003143132738883475
0.00014547901332279684
0.0003104218556083468
0.0001298029586940619
0.0003378724268797904
0.00013244110779570432
7.095684372280624e-05
0.0004423286655700792
0.001115665585659234
0.00027187525901168724
0.0006075718219638169
9.953510127392542e-05
0.0004185802754480056
0.00031070784642570916
0.0009016979168813649
0.0011129169834602443
5.2905438516669146e-05
0.00012680008829735827
0.0007496648005276071
0.0004076699433746714
0.00021123643181606937
0.0005674837679115598
0.0002676672923592573
0.00042936403854775007
0.0005414383546886505
0.0012083243239260756
0.00022131184097011806
0.00032149214600233814
0.0007789956490989445
0.0008120277672065497
0.0001954832320501875
0.0005663113783130611
0.0001821537876696633
0.00017355689030330051
0.00036207257862388737
0.0004941701504302816
4.810849853167968e-05
0.0007423670726500625
0.0009561229561962792
0.0003941118609411034
0.00043476070338429993
0.0006545265509971157
0.000967011780877078
0.0005633858924403083
0.00027304204482630996
0.0004986992262233007
0.00039339664484083835
0.0006189215872144253
0.0007588888684126884
0.0010940397265436113
6.563229529137811e-05
0.00045949006279554405
0.00040402378031644394
0.0008449832459082555
0.0006976492201491581
0.0011524980565737319
0.0005002742742583836
0.0005917398776005239
0.00014645580345688463
0.00045125964222101733
0.0007189699620875221
0.0005793062222341936
0.00019027377290021895
0.00021054095578002942
0.0003703620907392077
0.0005304195302450868
0.0009570838393813747
0.000580250774021527
0.0009334943821146022
0.0012054835389501955
0.0021207439990534446
0.0006189549871857743
0.0001308261667671368
0.00025881843809414187
0.00019443591850443735
0.0003622160986616702
0.00045335728024795255
0.000471041505152937
0.001505188638242351
0.00021744240448693687
0.0002890469920071139
0.0007420097519564431
0.00027727802204643965
0.0009206435427486945
0.0020000317821441643
0.0003100770763979845
8.789600136680965e-05
0.0003426681627542501
0.0006115094405965018
9.96294136954225e-05
0.0008682177050966012
0.0011124481639263881
0.000588711369718244
0.00036112837414520896
0.0010213619337874542
0.00105003805985995
0.0012595028949987399
0.0009074870929086061
0.0014370114862773033
0.0007391319928468932
0.0002545895657645071
0.001455593916036929
0.0013883144913436167
0.0005409793150884637
0.0002118378363473037
0.0003778574488709296
0.0005826759080410506
0.0007112994076611315
0.0002198649957389212
0.0013909357466064436
0.000699511466796239
0.0003132491463280263
0.0009726938869724519
0.002190281480799234
0.0026928406239115394
0.0005884170164493094
0.0010243306040858204
0.0009610687045972442
0.0003008805429138289
0.0027443688085772517
0.0023114094247423146
0.00016641325369701513
0.00027269313905113867
0.0009556469319618421
0.00033726128988209635
0.0004694774078592032
0.0016342623054270689
0.0012269459389576457
0.00036123757418254443
0.00043176291797103564
0.00046236131598228325
0.0005561700544918526
0.0015703008982296328
0.0005882873530772247
4.768764801706331e-05
0.0006882170428529044
0.0016187060765686238
0.0014611887558230205
0.0002828211484335401
0.001049751865041767
0.0019379084545817252
0.0014609795123591634
0.000732858380166524
0.0027941254035354877
0.00022377784629770377
0.0016820931191110769
0.0008541565778457598
0.000694043994324388
0.0004864028604791869
0.0005448214387828083
0.0017847687513145186
0.0005026069414847868
0.0008458033158198718
0.001311514854700414
0.000757321266285741
0.00037199233616244047
0.00044798378864479904
0.0012142449098578813
0.0007453486915471934
0.0018291626133021522
0.0011428019795007272
0.000977000590448367
0.001844870235445881
0.0008338386406876381
0.0015708144251112097
0.0005459272032573038
0.0003631434994834671
0.0011064214529646185
0.002830123596175443
0.0002977576101237775
0.00029450390316524127
0.0019469046600664732
0.0011614014480879997
0.004045670722229483
0.00098530883154345
0.000458884974729362
0.0014035173073869167
0.000815904350891667
0.0010783096023441966
0.0013539713855679895
0.000635660280954785
0.0001446350171916676
0.0016596735312294163
0.0010976882868793294
0.0013127393670458649
0.0013444121053173721
0.00043888712377780273
0.0013263852777307852
0.004428054034059047
0.0036639151764293965
0.0006686668607916808
0.0005505609939578925
0.0019627113658689617
0.009646161260096224
0.000277100399567209
0.00037146744976845203
0.001132368110871619
0.0015686873614662543
0.0009126313945327743
0.001402735299549876
0.001152650753887879
0.00024611696608327024
0.00020184047385827974
0.0002483775883768972
0.001351321135053823
0.0036130676048758397
0.0023344777902903507
0.0005676633781833791
0.0005422252322859781
0.000605997158988292
0.0006583340939679284
0.0028404169762053437
0.006744002153244901
0.0013573434055356
0.0025956172385679446
0.0004156915118829297
0.0016078370088466614
0.0012213657494190295
0.000841043786875016
0.00035926553982423273
0.0008467811455710735
0.0013811711488454998
0.0010444403941241272
0.0009674763477388191
0.0007841103850108464
0.0010209393857885675
0.001075156613376548
0.0011202897475184007
0.0013724943032213544
0.0012228576617127657
0.008821814058558992
0.0017458354348776602
0.0011349707457391264
0.0007832907264068061
0.0012681299944956757
0.001125835029632833
0.003068167550858164
0.001308402734320252
0.002877337299989611
0.0013086577936361405
0.0003707689609828762
0.0009447260397867531
0.0021539802862791998
0.001033392021781363
0.0011059068584382094
0.0012430907437215753
0.0007496724754304365
0.0013688836095704538
0.001244069141592187
0.003472077765775956
0.0013066328429118107
0.0006799222935825298
0.006061159691373455
0.002325201979747363
0.001435559575154949
0.003349287416085453
0.00022567191313939213
0.0013852736026381868
0.006191671273621816
0.0008346536642673861
0.001768889620194356
0.0024134772154121883
0.0037961513666069755
0.008602748935409781
0.0007837552193385439
0.0014508237700353328
0.0038134096318430282
0.002685194465004179
0.001250114603803643
0.0021815847865166425
0.0016064268531355548
0.0018707449355290344
0.004091460385182594
0.0011296715098424214
0.002835223440151376
0.0013349134078275635
0.002102790251882463
0.0052284398422588136
0.0015342175230821159
0.003050992578376655
0.002491195138107074
0.004677624490470165
0.0007046938915172296
0.0034288939711563686
0.012249894081699141
0.004248147847328896
0.002984033464386228
0.0011458267464599329
0.0008513139577937061
0.002107556153335976
0.004845724785507442
0.003839528195390048
0.003694297840692325
0.007234688163181504
0.006602715343144139
0.00835320295610784
0.004658856918944731
0.008436182464232535
0.005756945631253461
0.009375761436076355
0.009699718884978073
0.002794317794155734
0.0069518859922431935
0.004917734168471351
0.01521393127683714
