0.001646731238047351
0.002869248819646283
0.029931870861280758
0.028211123267439877
0.022769826905452498
0.03300180632937651
0.01603618424479877
0.0024527363581932147
0.004109247695143592
0.002598202944697912
0.00704568067012642
0.0036640173211737854
0.013188760294594273
0.0010931066131534865
0.0039010867631460227
0.002921431668358292
0.012396932923881889
0.002003837454906671
0.008402267497185078
0.002794182600119984
0.00908168920310598
0.004372007887014243
0.0023062542139451903
0.0010126897606215733
0.005800814342904675
0.004329871016312099
0.0017541176031986023
0.003124911409046551
0.005333021721565233
0.005731839475989897
0.00410729644726719
0.0020202105876041903
0.0032914619069956273
0.0019048995562587188
0.003779360325154987
0.0022849937040959364
0.0034115627059894743
0.00043915563018950897
0.0022691214555564864
0.0009874458079079773
0.003451797091147393
0.00106100277143975
0.0006210780760532119
0.002683372076734201
0.00030577859532454307
0.0036639163986867764
0.00032635204432688637
0.0013845916917541886
0.00278375441334375
0.002023635316059385
0.0007815321862609463
0.0060793322898007075
0.0035426142882901183
0.0011573276992036365
0.003720575024287776
0.002263288568127906
0.0019501823959629419
0.00034274998787261124
0.0032743211520075647
0.0008697156655303476
0.0017662794863190314
0.003208271514992552
0.0023148295631830297
0.0014918558451999266
0.002604623549911054
0.002008552119390701
0.003790519797275493
0.0005263026163799416
0.0028679137848799476
0.0018493192428081899
0.0020336836102760407
0.0032592306352339944
0.003998419077955948
0.000881041017772
0.0026931535997771648
0.0015844989222231723
0.0024984542999696518
0.0002676521559396394
0.0002524437007731642
0.0013216342238238344
0.00045074651593115416
0.0011215907938002983
0.0012516055610876217
0.001053199745662531
0.001742723406954849
0.00025388720348150563
0.0017739361974480137
0.0005165400624924595
0.0005324711894081121
0.0003735221837379595
0.0018476314248532986
0.0016536674503168957
0.0004458201902747248
0.0005557882021262216
0.0004584034929991054
0.0006363315369718861
0.0005522453318972426
0.001492535719900112
0.00048097671843203645
0.0008393446236950102
0.00017532683065867252
0.00010421094965741109
0.0007025351183765303
0.0013845182527111432
0.0007907231315813264
0.0011455223102348375
0.0008936841885050253
4.650812595525243e-05
0.00013604247541883883
0.0009321533805730941
0.0014603069584204556
0.0019249673181344633
0.00028240677508212063
0.0008927477960089536
0.0006035560633678451
0.0008651026144662527
0.0011242292553006515
0.0004200149386700537
0.001151190656988357
0.0005482454631800633
0.0005288226045210181
0.000660816433391947
0.0015790267417831769
0.00043935200359382896
0.0009333272501322395
0.0003806459259286089
0.0005258105893494158
0.0010838645115109227
0.00029635775431044334
0.0005287344225310116
0.00039487608427568724
0.0006003993965810457
0.0011172430519074163
0.0005348928265730527
0.0008213325901888738
0.0009083275904625245
0.001149665789837293
0.0006575638822937104
0.00047823402861789035
0.00043496673338813804
0.0010010384756250182
0.001036653734367853
0.0013246014507767262
0.0017729749685793886
0.0013250740930485538
0.0005421379917654723
0.001429058303267585
0.00027735908112853447
0.0008031774362211101
0.0009892108408177816
0.0002791709169120882
0.0004634381029184031
0.0003356875053474137
0.0005571895826543818
0.0003665315009683691
3.0000673417011273e-05
0.0005219479005170056
0.0004650384932550818
0.0007784849679926401
0.0006138870441743323
0.0006095521159561898
0.0011359092372942561
0.000880724565572747
0.0002923208831848019
0.00038404133580374305
0.00036117287265905737
0.0006944282284943268
0.001348019975532365
0.0004013464156018589
0.0007653948718345171
0.0011412875161029201
0.0006203156489130691
0.000988662008420774
0.001015738951646108
0.0005597066891971989
0.0004297687937266846
0.0004303548354670763
0.0008749865503328428
0.0006864590650749214
0.0004723409765321877
0.000554184068064305
0.00035923803013046047
0.00032761436266924137
0.0005476181604688116
0.00018137299318863126
0.0007772935426246459
9.022933977047847e-05
0.0007435725161856368
0.00029213075509870956
0.00028725807766237326
0.0005420204967289955
0.0004783128259418187
0.0005540334744961146
0.0013198526036451044
0.0005689506759006977
0.0004465646708368577
0.00035387165585907437
0.0007972401663044387
0.00039210617567471076
0.0013068733530730923
0.00024352292502771348
0.0007449815413683145
0.0003515606065192977
0.0004295282324358674
0.00030880351408427853
5.839921046470658e-05
0.001096455713962735
0.0004852010131218904
0.00038895825566402707
0.00010137096534697696
0.0001444731952508777
0.0009813347248298473
0.0008876434991688592
0.0004887893362048567
0.00043034192610030424
0.0003428544196562493
0.00030382842010933184
0.0005013198131399336
0.0003981610101298912
0.0005735896309341614
0.0007972627917881684
0.00021281691716114188
5.5243040437311675e-05
0.00047180014980263875
0.000361732971594884
0.00024104154498327666
0.0010231305030770031
0.0008292469391463961
0.0004410557187532524
0.0002683420818621012
0.00020683232269718947
0.0010375962074620953
0.00030211305156064417
0.00034101210419676034
0.0007871459343030267
0.0009447232409288126
0.0011925603566440793
0.00022573401159806672
0.0016555731117781879
0.0006031446067235747
0.0008905431431272865
0.00045171178609379784
0.00038940326528138315
0.0008969238758420278
0.0002678985223547784
0.00018952492060665736
0.0005423020741112055
0.0003033151014263323
0.000896416971113252
0.00027905567173350845
0.00021282824532019068
0.0006277005136480181
0.00017184307328170487
2.899514528023916e-05
0.000514007582557996
0.0006463553206931028
0.0005915105130525499
0.0006864448342030591
0.0006524698349338838
0.0006491985571268821
0.00048151561729411937
0.0006275910140630002
0.0006655991533173624
0.00025589319815027726
0.00042175270829934605
0.0004419229524505583
0.00025275541389649717
0.00012591618096903905
0.0002857238983819347
0.00031033219828000697
0.00034820251310968363
0.0001398096902559102
0.0004041441656382815
0.0004965713092778196
8.49932089941163e-05
0.00042125221789804927
0.00024645899998013496
0.0004242887460104416
0.000331853201144261
0.00011274850458292045
0.0007458492755563089
0.0002329163606357063
0.0009289874729274875
0.0003138929802591566
0.0002196429788559537
0.00019067307434964036
0.0007072745367033597
0.0006322014161364537
0.0004058367312584912
0.0005783254530837604
0.0002715279289814292
0.0006400099545065779
0.0003406734594289832
0.0007181307704486388
0.000508692440009222
0.00035632408168565015
0.00032948850075072963
0.00021864157109186542
0.00011394880451586906
0.00032846364382674954
0.0005109740636636086
0.0004957564748474527
0.00042438723946818327
0.0010503435303803772
0.00018768450818815703
0.0006289943894745571
0.0006047872812215229
0.0001706828170183692
0.00019627030084899067
0.00019254512800924033
0.00026404466576245315
0.0005614585149361637
0.00033078716608813205
0.00024208605231619516
0.0003071390177114309
4.351669949088696e-05
6.842751701378886e-05
0.00036435356540012503
0.0002663614800444886
0.00020664417187854508
0.0007901518334784437
0.00031472352491873005
8.507697117080026e-05
0.000403675295800352
0.0005261028177809172
0.00033527349723121337
0.0002913021314100886
0.0003392887664590172
0.0005415133409336073
0.0003882863053364309
0.00013592300782231406
0.00017906168225399418
0.00013502255788114349
6.345961540225704e-05
4.7216006700380454e-05
0.0005417066799464482
0.0002979100948243049
0.0003878018748815791
0.0003517349379526977
0.0002661538558224444
0.00012028690429711764
0.00015790182017174923
8.840823888261524e-05
0.0003360929784590853
8.833010958849268e-05
3.877625294859584e-05
4.422508366215176e-06
7.409892463138533e-06
5.440733973441774e-06
6.283865114790062e-06
2.3182382985107426e-06
9.116506496890215e-07
1.078421621486512e-06
1.274136182131142e-06
1.7804641379443091e-06
1.3880754384388542e-07
9.369246260333523e-08
4.4460111282204294e-07
8.247650000742999e-07
1.228326142349957e-06
8.374006871573393e-07
1.5816118505371307e-06
1.3058929336160875e-06
1.0358490746140979e-06
1.9501231230273507e-07
1.7182932467285328e-07
6.735319378420913e-07
1.6933734437286047e-06
5.177233303555587e-07
7.253910603988224e-07
1.2183522265376544e-06
5.77326163314033e-07
2.3649729966148157e-07
4.3582336651406427e-07
4.847588595358437e-07
4.5096432938453177e-07
7.602917491585078e-07
8.42805653266086e-07
8.070136488279749e-07
1.4999101542384133e-06
1.0251849324152826e-06
5.88566625591082e-07
7.964087577861312e-07
4.07923652676556e-07
1.4306979297499042e-06
1.0319081424657948e-06
7.931738600422124e-07
1.662616498912099e-06
1.4292055948670341e-06
2.781522587890956e-07
6.783243040329884e-08
4.08880175800525e-07
8.338683460883957e-07
1.5668366732300062e-06
6.111763612628978e-07
1.4331258221543613e-06
7.902856043586443e-07
6.181417549283889e-07
7.975107293637109e-07
3.4801659696479583e-07
4.238295569707106e-07
5.305412108473803e-07
2.6511100733122723e-07
8.228750262432789e-07
1.0373865642381295e-06
1.0438295517695523e-06
8.717554867756724e-07
1.058284082928312e-06
5.470263759631371e-07
3.1632400369085736e-07
5.748692195258735e-07
1.0605396433111389e-06
8.109530040904247e-07
1.2189285147629774e-06
1.3486231569455592e-06
3.992528960970777e-07
3.8935424555013236e-07
4.950702038760842e-07
9.005146194457072e-07
7.139868466698733e-07
8.035339166954272e-07
1.4784791073489005e-06
1.0699292108249154e-06
1.4562699372585828e-07
1.3642679510509504e-06
1.1585422610311421e-06
8.559055171759789e-07
1.289352556766678e-06
6.114657552523238e-07
1.304279473152216e-06
1.6190170753372964e-06
2.763450043984822e-07
1.4599930072776472e-06
1.4052126171855242e-06
8.375940906721866e-07
6.010163882549912e-07
3.6689978001115503e-07
1.4281830782850645e-06
1.6411578218735938e-06
4.6038262494671955e-07
1.2723244740639177e-06
1.2189915336421916e-06
1.3656031652861006e-07
7.374471107259982e-07
1.2881598229168916e-07
1.2058086268513805e-06
1.2286257972593361e-06
2.987918767271747e-07
1.5290731727839302e-06
5.748549828805296e-07
3.6091181593192337e-07
8.831609267693339e-07
4.4153742275043306e-07
8.545373340980282e-07
1.068817271573312e-06
8.456557781309442e-07
1.6992546725368299e-06
1.120674105461981e-06
1.0782666269864372e-06
1.0600480735967042e-06
3.1029994727582187e-07
7.431385072820533e-07
1.5228449399520125e-07
8.689060130431729e-07
1.8101816355777866e-06
6.946589028080512e-07
1.1524788300160344e-06
1.642167681114546e-06
7.936250009104511e-07
1.2230056195786386e-06
1.0107018586851667e-06
1.6164520398511968e-06
1.54033562427089e-06
5.951228021285606e-07
1.1566283035034138e-06
2.1476088905576664e-06
1.2342470087088662e-06
1.3960121778968314e-06
1.4789252086284067e-06
1.0947292848363447e-06
1.8494006044906708e-06
7.647469975502622e-07
1.0104048883246822e-06
2.1188355836343946e-06
1.2528407718503388e-06
9.808483197793692e-07
1.5885177271111544e-06
7.494009083255646e-07
1.2045417355006314e-06
3.093581718043505e-07
1.1295505412077865e-06
1.5331974799834062e-06
2.9529353868138296e-07
1.0076712802544973e-06
9.072950576022035e-07
3.03792773106214e-07
6.621125161736588e-07
4.881523140436657e-07
1.2784537536516063e-06
1.5240635155581035e-06
1.821881977797677e-07
1.5240635155581035e-06
1.2784537536516063e-06
4.881523140436657e-07
6.621125161736588e-07
3.03792773106214e-07
9.072950576022035e-07
1.0076712802544973e-06
2.9529353868138296e-07
1.5331974799834062e-06
1.1295505412077865e-06
3.093581718043505e-07
1.2045417355006314e-06
7.494009083255646e-07
1.5885177271111544e-06
9.808483197793692e-07
1.2528407718503388e-06
2.1188355836343946e-06
1.0104048883246822e-06
7.647469975502622e-07
1.8494006044906708e-06
1.0947292848363447e-06
1.4789252086284067e-06
1.3960121778968314e-06
1.2342470087088662e-06
2.1476088905576664e-06
1.1566283035034138e-06
5.951228021285606e-07
1.54033562427089e-06
1.6164520398511968e-06
1.0107018586851667e-06
1.2230056195786386e-06
7.936250009104511e-07
1.642167681114546e-06
1.1524788300160344e-06
6.946589028080512e-07
1.8101816355777866e-06
8.689060130431729e-07
1.5228449399520125e-07
7.431385072820533e-07
3.1029994727582187e-07
1.0600480735967042e-06
1.0782666269864372e-06
1.120674105461981e-06
1.6992546725368299e-06
8.456557781309442e-07
1.068817271573312e-06
8.545373340980282e-07
4.4153742275043306e-07
8.831609267693339e-07
3.6091181593192337e-07
5.748549828805296e-07
1.5290731727839302e-06
2.987918767271747e-07
1.2286257972593361e-06
1.2058086268513805e-06
1.2881598229168916e-07
7.374471107259982e-07
1.3656031652861006e-07
1.2189915336421916e-06
1.2723244740639177e-06
4.6038262494671955e-07
1.6411578218735938e-06
1.4281830782850645e-06
3.6689978001115503e-07
6.010163882549912e-07
8.375940906721866e-07
1.4052126171855242e-06
1.4599930072776472e-06
2.763450043984822e-07
1.6190170753372964e-06
1.304279473152216e-06
6.114657552523238e-07
1.289352556766678e-06
8.559055171759789e-07
1.1585422610311421e-06
1.3642679510509504e-06
1.4562699372585828e-07
1.0699292108249154e-06
1.4784791073489005e-06
8.035339166954272e-07
7.139868466698733e-07
9.005146194457072e-07
4.950702038760842e-07
3.8935424555013236e-07
3.992528960970777e-07
1.3486231569455592e-06
1.2189285147629774e-06
8.109530040904247e-07
1.0605396433111389e-06
5.748692195258735e-07
3.1632400369085736e-07
5.470263759631371e-07
1.058284082928312e-06
8.717554867756724e-07
1.0438295517695523e-06
1.0373865642381295e-06
8.228750262432789e-07
2.6511100733122723e-07
5.305412108473803e-07
4.238295569707106e-07
3.4801659696479583e-07
7.975107293637109e-07
6.181417549283889e-07
7.902856043586443e-07
1.4331258221543613e-06
6.111763612628978e-07
1.5668366732300062e-06
8.338683460883957e-07
4.08880175800525e-07
6.783243040329884e-08
2.781522587890956e-07
1.4292055948670341e-06
1.662616498912099e-06
7.931738600422124e-07
1.0319081424657948e-06
1.4306979297499042e-06
4.07923652676556e-07
7.964087577861312e-07
5.88566625591082e-07
1.0251849324152826e-06
1.4999101542384133e-06
8.070136488279749e-07
8.42805653266086e-07
7.602917491585078e-07
4.5096432938453177e-07
4.847588595358437e-07
4.3582336651406427e-07
2.3649729966148157e-07
5.77326163314033e-07
1.2183522265376544e-06
7.253910603988224e-07
5.177233303555587e-07
1.6933734437286047e-06
6.735319378420913e-07
1.7182932467285328e-07
1.9501231230273507e-07
1.0358490746140979e-06
1.3058929336160875e-06
1.5816118505371307e-06
8.374006871573393e-07
1.228326142349957e-06
8.247650000742999e-07
4.4460111282204294e-07
9.369246260333523e-08
1.3880754384388542e-07
1.7804641379443091e-06
1.274136182131142e-06
1.078421621486512e-06
9.116506496890215e-07
2.3182382985107426e-06
6.283865114790062e-06
5.440733973441774e-06
7.409892463138533e-06
4.422508366215176e-06
3.877625294859584e-05
8.833010958849268e-05
0.0003360929784590853
8.840823888261524e-05
0.00015790182017174923
0.00012028690429711764
0.0002661538558224444
0.0003517349379526977
0.0003878018748815791
0.0002979100948243049
0.0005417066799464482
4.7216006700380454e-05
6.345961540225704e-05
0.00013502255788114349
0.00017906168225399418
0.00013592300782231406
0.0003882863053364309
0.0005415133409336073
0.0003392887664590172
0.0002913021314100886
0.00033527349723121337
0.0005261028177809172
0.000403675295800352
8.507697117080026e-05
0.00031472352491873005
0.0007901518334784437
0.00020664417187854508
0.0002663614800444886
0.00036435356540012503
6.842751701378886e-05
4.351669949088696e-05
0.0003071390177114309
0.00024208605231619516
0.00033078716608813205
0.0005614585149361637
0.00026404466576245315
0.00019254512800924033
0.00019627030084899067
0.0001706828170183692
0.0006047872812215229
0.0006289943894745571
0.00018768450818815703
0.0010503435303803772
0.00042438723946818327
0.0004957564748474527
0.0005109740636636086
0.00032846364382674954
0.00011394880451586906
0.00021864157109186542
0.00032948850075072963
0.00035632408168565015
0.000508692440009222
0.0007181307704486388
0.0003406734594289832
0.0006400099545065779
0.0002715279289814292
0.0005783254530837604
0.0004058367312584912
0.0006322014161364537
0.0007072745367033597
0.00019067307434964036
0.0002196429788559537
0.0003138929802591566
0.0009289874729274875
0.0002329163606357063
0.0007458492755563089
0.00011274850458292045
0.000331853201144261
0.0004242887460104416
0.00024645899998013496
0.00042125221789804927
8.49932089941163e-05
0.0004965713092778196
0.0004041441656382815
0.0001398096902559102
0.00034820251310968363
0.00031033219828000697
0.0002857238983819347
0.00012591618096903905
0.00025275541389649717
0.0004419229524505583
0.00042175270829934605
0.00025589319815027726
0.0006655991533173624
0.0006275910140630002
0.00048151561729411937
0.0006491985571268821
0.0006524698349338838
0.0006864448342030591
0.0005915105130525499
0.0006463553206931028
0.000514007582557996
2.899514528023916e-05
0.00017184307328170487
0.0006277005136480181
0.00021282824532019068
0.00027905567173350845
0.000896416971113252
0.0003033151014263323
0.0005423020741112055
0.00018952492060665736
0.0002678985223547784
0.0008969238758420278
0.00038940326528138315
0.00045171178609379784
0.0008905431431272865
0.0006031446067235747
0.0016555731117781879
0.00022573401159806672
0.0011925603566440793
0.0009447232409288126
0.0007871459343030267
0.00034101210419676034
0.00030211305156064417
0.0010375962074620953
0.00020683232269718947
0.0002683420818621012
0.0004410557187532524
0.0008292469391463961
0.0010231305030770031
0.00024104154498327666
0.000361732971594884
0.00047180014980263875
5.5243040437311675e-05
0.00021281691716114188
0.0007972627917881684
0.0005735896309341614
0.0003981610101298912
0.0005013198131399336
0.00030382842010933184
0.0003428544196562493
0.00043034192610030424
0.0004887893362048567
0.0008876434991688592
0.0009813347248298473
0.0001444731952508777
0.00010137096534697696
0.00038895825566402707
0.0004852010131218904
0.001096455713962735
5.839921046470658e-05
0.00030880351408427853
0.0004295282324358674
0.0003515606065192977
0.0007449815413683145
0.00024352292502771348
0.0013068733530730923
0.00039210617567471076
0.0007972401663044387
0.00035387165585907437
0.0004465646708368577
0.0005689506759006977
0.0013198526036451044
0.0005540334744961146
0.0004783128259418187
0.0005420204967289955
0.00028725807766237326
0.00029213075509870956
0.0007435725161856368
9.022933977047847e-05
0.0007772935426246459
0.00018137299318863126
0.0005476181604688116
0.00032761436266924137
0.00035923803013046047
0.000554184068064305
0.0004723409765321877
0.0006864590650749214
0.0008749865503328428
0.0004303548354670763
0.0004297687937266846
0.0005597066891971989
0.001015738951646108
0.000988662008420774
0.0006203156489130691
0.0011412875161029201
0.0007653948718345171
0.0004013464156018589
0.001348019975532365
0.0006944282284943268
0.00036117287265905737
0.00038404133580374305
0.0002923208831848019
0.000880724565572747
0.0011359092372942561
0.0006095521159561898
0.0006138870441743323
0.0007784849679926401
0.0004650384932550818
0.0005219479005170056
3.0000673417011273e-05
0.0003665315009683691
0.0005571895826543818
0.0003356875053474137
0.0004634381029184031
0.0002791709169120882
0.0009892108408177816
0.0008031774362211101
0.00027735908112853447
0.001429058303267585
0.0005421379917654723
0.0013250740930485538
0.0017729749685793886
0.0013246014507767262
0.001036653734367853
0.0010010384756250182
0.00043496673338813804
0.00047823402861789035
0.0006575638822937104
0.001149665789837293
0.0009083275904625245
0.0008213325901888738
0.0005348928265730527
0.0011172430519074163
0.0006003993965810457
0.00039487608427568724
0.0005287344225310116
0.00029635775431044334
0.0010838645115109227
0.0005258105893494158
0.0003806459259286089
0.0009333272501322395
0.00043935200359382896
0.0015790267417831769
0.000660816433391947
0.0005288226045210181
0.0005482454631800633
0.001151190656988357
0.0004200149386700537
0.0011242292553006515
0.0008651026144662527
0.0006035560633678451
0.0008927477960089536
0.00028240677508212063
0.0019249673181344633
0.0014603069584204556
0.0009321533805730941
0.00013604247541883883
4.650812595525243e-05
0.0008936841885050253
0.0011455223102348375
0.0007907231315813264
0.0013845182527111432
0.0007025351183765303
0.00010421094965741109
0.00017532683065867252
0.0008393446236950102
0.00048097671843203645
0.001492535719900112
0.0005522453318972426
0.0006363315369718861
0.0004584034929991054
0.0005557882021262216
0.0004458201902747248
0.0016536674503168957
0.0018476314248532986
0.0003735221837379595
0.0005324711894081121
0.0005165400624924595
0.0017739361974480137
0.00025388720348150563
0.001742723406954849
0.001053199745662531
0.0012516055610876217
0.0011215907938002983
0.00045074651593115416
0.0013216342238238344
0.0002524437007731642
0.0002676521559396394
0.0024984542999696518
0.0015844989222231723
0.0026931535997771648
0.000881041017772
0.003998419077955948
0.0032592306352339944
0.0020336836102760407
0.0018493192428081899
0.0028679137848799476
0.0005263026163799416
0.003790519797275493
0.002008552119390701
0.002604623549911054
0.0014918558451999266
0.0023148295631830297
0.003208271514992552
0.0017662794863190314
0.0008697156655303476
0.0032743211520075647
0.00034274998787261124
0.0019501823959629419
0.002263288568127906
0.003720575024287776
0.0011573276992036365
0.0035426142882901183
0.0060793322898007075
0.0007815321862609463
0.002023635316059385
0.00278375441334375
0.0013845916917541886
0.00032635204432688637
0.0036639163986867764
0.00030577859532454307
0.002683372076734201
0.0006210780760532119
0.00106100277143975
0.003451797091147393
0.0009874458079079773
0.0022691214555564864
0.00043915563018950897
0.0034115627059894743
0.0022849937040959364
0.003779360325154987
0.0019048995562587188
0.0032914619069956273
0.0020202105876041903
0.00410729644726719
0.005731839475989897
0.005333021721565233
0.003124911409046551
0.0017541176031986023
0.004329871016312099
0.005800814342904675
0.0010126897606215733
0.0023062542139451903
0.004372007887014243
0.00908168920310598
0.002794182600119984
0.008402267497185078
0.002003837454906671
0.012396932923881889
0.002921431668358292
0.0039010867631460227
0.0010931066131534865
0.013188760294594273
0.0036640173211737854
0.00704568067012642
0.002598202944697912
0.004109247695143592
0.0024527363581932147
0.01603618424479877
0.03300180632937651
0.022769826905452498
0.028211123267439877
0.029931870861280758
0.002869248819646283
