0.0006700277720915351
0.002549668185557496
0.011930576383092965
0.034164412947563734
0.03970107763072606
0.019010268685948475
0.008043086375773733
0.004130474875968283
0.014290810096882687
0.005045077183206026
0.013172915030414156
0.0025099478780356665
0.015464441023999178
0.001733826283806705
0.0023046279569333143
0.0088717888163612
0.002577938839526795
0.0027552434897421267
0.009207823599770654
0.004332447342632912
0.004256897181967834
0.00809348788735255
0.0027685030028502134
0.004500909962188992
0.0031040941124220044
0.00499002280832929
0.004369940659632912
0.0034850425194317644
0.0022409168139147285
0.0005768345864939644
0.004669544025412354
0.005057912333619595
0.007358342714096389
0.0020817065987996895
0.004267935222205698
0.004013432968276808
0.012612021045179061
0.0008059668629023158
0.0007171965600626098
0.00526135759286103
0.005683230009978736
0.001360358204783351
0.0035360542364384585
0.0021598005187559734
0.0006958633104261842
0.003478749133652344
0.0012459932125780649
0.002721796835349538
0.006949279720352879
0.003023921235770017
0.0034881634396508013
0.0038667060794882135
0.00247286570784278
0.0013363163535937959
0.0016037191529385993
0.0031181670042840378
0.0012231980015829538
0.0008576131164831294
0.0003708673310882453
0.0014938592718993283
0.0030150637914699396
0.003794944334525931
0.0012930911316735266
0.0014844302905395337
0.0010583033030536683
0.0006665199898826903
0.0037235811590720425
0.0005561794498659447
0.002162952294876221
0.001353991998574297
0.0033879581941523617
0.0024429288132190186
0.0011655035002533607
0.0003279500366397223
0.0014570069276962875
0.002948582803061237
0.0014524520826212288
0.0012329160939175137
0.0005197649005862215
0.0008728137730000063
0.0008303397015232486
0.0005391713730636633
8.457344553832437e-05
0.001136367614723861
0.0030420650828161164
0.0004896255998295022
0.0017173856998910792
0.0008667720034228087
0.0017041822191097204
0.0009156169206491106
0.0009186715743964389
0.0014950222955518522
0.0004666337116380264
0.0018287857353610712
0.0014271370410424027
0.0016104208249683848
0.0020596665207045423
0.0009679374080774244
0.0014451794454388074
0.00041106799415837394
0.00042163976084517627
0.00034381458905789416
0.0021277558625566587
0.0004391372228635118
0.000626047130665741
0.0007587898157620177
0.0008354821534510439
0.0009567622393902779
0.0012403098510957438
0.0004745543878840662
0.0008327786804051381
0.0018644867446259829
0.001040013593917238
0.001489990500576234
0.0013654850780556998
0.0006198609319306542
0.0004017749470751883
0.0007172431268590566
0.0011931129286052368
0.001538047940539068
0.0003859695652440896
0.0010807813555505196
0.0014401886311240697
0.00033377739046603526
0.0015132464842705891
0.0004028365289447937
0.00039209104272209996
0.00019632767779532328
0.0006662589904268819
0.0008814422606918982
0.0005101986284474763
0.0008450887858625597
0.0005361901211004375
0.0017850543978615132
0.0010165377861744433
0.0009497666762103268
0.00013054612862140676
0.0009887634273144043
0.0005232218698372507
0.001293109493069156
0.00018125744106407566
0.0002803282754084794
0.0009938440443127555
7.346595213891491e-05
0.0003362128219966437
0.00045011295812055736
0.0002204220153099175
0.0012388376603635531
0.0006929719365890675
0.0012616709059907387
7.967771297738675e-05
0.00036318060354394724
0.0005783847731127075
0.0004352490731196181
0.000837508841235041
0.0016251464583281667
0.0002713458928119576
0.0005724576704549105
0.0005899417686204089
0.0010121768630820163
0.00022772585494515435
0.00017765028865193111
0.0007687766978530993
0.001094943884304513
0.0009042950743756511
0.0005103285443015973
0.0005623247675893302
0.00035893185563575625
0.0005227024954647347
0.0004455455690875682
0.00034569614515135187
0.00035780068507806467
0.0010713293582261187
0.001105052890863553
0.000779645512897878
0.000879840588997674
0.0006383174317227102
0.00031631008438605287
0.0003133606354241756
0.0006241935566201675
0.00019330750366505458
0.0006917605186779384
0.0007024485988442108
0.0010095779705071464
0.0010426763853714153
0.0003526239225602196
0.0009646276129561744
0.00040630386125655804
0.0011108130929188638
0.0006697564408852808
0.0004699279510426322
0.0007480019378975597
0.0007595985139915857
0.0005906720229563299
0.00015692786570644548
0.0003970284900459993
0.0009835797053394275
0.0005226495429138284
0.0009885762502497275
0.0004937481462261046
0.000905029898914121
0.0002188434841233476
0.0009240898721031591
0.0006489339981235052
0.00021956725224703155
0.0003492544315403769
0.0005668490848895643
0.0004721625026324779
0.00013212911732011647
0.0002455693791655383
0.00028981120205628046
0.0007490252349616098
0.00041422262508888024
0.0004230609986771939
0.0005167443330846967
0.0009841824336454552
0.0001471435299590246
0.0005289445833583325
0.0004760870601439323
0.0003372203391814004
0.0005678678804477448
0.00040861937197731
1.4953719902756462e-05
0.0003254936506633654
0.0004955854689565329
0.0005955169696339713
0.0006254641192574485
0.00015867651841486923
0.00018221675563324645
0.00031366141632159343
0.0003835430312112548
0.00041187985075196896
0.0004882290797523541
0.0004157811698507785
0.0003571176799031956
0.0002562462856795894
0.00038717488047390017
0.00024056368120514506
0.00014799490337527864
0.00036143979257730003
7.313742939550079e-05
0.0003488159527223694
0.00021753740836018046
0.00036291214069377413
0.00029898227026646935
0.00038354644319328493
0.00014476499761890957
0.000351491578631361
9.113224284345691e-05
0.00017787635100946505
0.00039286324568068925
0.0002315537441182915
0.0002884096082736725
0.0001290637155627512
0.00028524625944765234
0.00022363284201067264
0.0002377467550989752
0.00015344916125311785
0.00021082759841047497
0.00036040322669835277
0.00014825480101843038
0.0002568900005007172
0.0002539397603168175
0.00037587950017294134
0.0005508422739506642
0.0001872481231482495
0.0003849260115046369
0.00010118284185566556
0.00016393839429493267
0.00013469223314167418
0.00024407442188947683
0.00021018755000839866
0.00017520645644503627
5.4167234567972534e-05
4.803872926134802e-05
0.00016703144709663757
0.00021633028909503224
0.0002125826056292107
0.00031504693888380797
0.00010710676202962865
4.632530451771999e-05
0.00020063608882750137
0.00010141055159080067
7.544701026753157e-05
0.00010986155444934956
0.000117736073421212
0.00016274491101879134
5.5471230049430214e-05
4.516169599508762e-05
7.126456230000898e-05
0.00011825000850143288
9.945384134906119e-05
0.00020914736774493002
0.00012090761969864303
3.9669623042307724e-05
8.07171339018359e-05
8.639356574115996e-05
0.00015561154627627882
7.565655561951018e-05
0.00012343883266000835
0.0001045739289108655
5.556873801485238e-05
2.5764177437269494e-05
0.0001852578598719942
5.898074828767998e-06
4.5811937611155456e-05
0.00012082302668473235
4.2627094536757536e-05
0.000182279005747485
2.7162983453027346e-05
6.350414652807404e-05
6.748448335301817e-05
7.346108734113017e-05
0.00012084114045657223
0.00010950085589923188
0.00010699294081068596
5.457355627220649e-05
8.618689890281781e-05
6.0722664081635255e-05
4.423995801654838e-05
5.127565826909729e-05
2.057438669804812e-05
6.643154214535223e-05
1.6624665370602157e-05
1.9481086637160925e-05
2.5359046976331305e-05
3.5388637097855016e-05
4.273301094291906e-05
4.4405820447536975e-06
2.7080687737660574e-05
6.630942483519052e-05
6.0726855690947706e-05
6.417255105448131e-05
2.4937954205555433e-05
2.974016686600404e-05
1.0787654175343632e-05
3.73098419659449e-05
1.0843169007043713e-05
2.7732957697918122e-05
3.0234424814955747e-05
2.5401406226393042e-05
1.4431287313877425e-05
1.1354280062109603e-05
6.1087375944938095e-06
5.211252022558565e-06
8.542573649190359e-06
3.6993138566416056e-06
2.5199317820730927e-06
2.491907246819505e-06
1.8833142143161668e-06
1.2224638513263616e-06
1.5534854951129407e-06
1.2961740097778763e-06
1.411352382959637e-06
1.431409660306362e-06
1.4233889105922003e-06
1.362883592463026e-06
1.3508787787030991e-06
1.400390381449256e-06
1.3400897810173328e-06
1.3978801335708755e-06
1.367754255148121e-06
1.3918065792959645e-06
1.2405063205921722e-06
1.380469870896714e-06
1.3017443330603034e-06
1.1927248897943693e-06
1.1692629254866347e-06
1.2948788741442496e-06
1.2399767283569243e-06
1.186397155390289e-06
1.2629445519119124e-06
1.1943159045622791e-06
1.320556608374717e-06
1.2437404135699325e-06
1.195607990220024e-06
1.2692418527090983e-06
1.138766256723179e-06
1.297354740123502e-06
1.2254893302160963e-06
1.387251401605332e-06
1.2274828679421712e-06
1.2302606901268061e-06
1.1744329312899816e-06
1.3164917311222423e-06
1.2213634221104003e-06
1.1068548841193069e-06
1.0821620394940722e-06
1.215103571356261e-06
1.1570815468102843e-06
1.2521950187337476e-06
1.3363441743967678e-06
1.2522868589194242e-06
1.1390856476716823e-06
1.1195373806363732e-06
1.1580780144566887e-06
1.1559591518080105e-06
1.0891691606613301e-06
1.2948863806211155e-06
1.304844466018507e-06
1.151989875469168e-06
1.146983836378507e-06
1.1641144026921855e-06
1.339778438460418e-06
1.1295149547540768e-06
1.2196355121684691e-06
1.219540523314612e-06
1.1047941217577772e-06
1.1390812979433654e-06
1.071408689247338e-06
1.099866856753537e-06
1.0988799995395822e-06
1.083625042313526e-06
1.084146743219945e-06
1.1044060772072174e-06
1.19422993431156e-06
1.0766990303427194e-06
1.1960796369843826e-06
1.0886199257310843e-06
1.2214692885370058e-06
1.2055631733672062e-06
1.0642165739190244e-06
1.1547072477007428e-06
1.1847241081679243e-06
1.0944713928328598e-06
1.0156537838078056e-06
1.1500714331931458e-06
1.2205724540063676e-06
1.117400005525844e-06
1.115092328189181e-06
1.1470842019205516e-06
1.1446355056176682e-06
1.141410620554227e-06
1.0476635365570523e-06
1.0607383128751825e-06
1.150240675287107e-06
1.0986841956169349e-06
1.13251309415773e-06
1.0874731844430343e-06
1.2101363881992257e-06
1.0708417537556052e-06
1.1136885252864818e-06
1.2153916689411981e-06
1.0149750473559824e-06
1.1464566874238011e-06
1.1614224316177805e-06
9.139930743379386e-07
1.2023673390210013e-06
1.0729185847490778e-06
1.0519373815139993e-06
1.0454379052833094e-06
1.171637369447656e-06
1.0759183161813482e-06
1.053959050693728e-06
1.092976969539838e-06
1.035106633950826e-06
1.164441846294501e-06
1.202659534377628e-06
1.1068882830077706e-06
9.837103611164804e-07
1.0903846557363906e-06
1.0917249516554032e-06
1.054591030409966e-06
1.0965457162390213e-06
1.0898024780979672e-06
1.0070371287609698e-06
1.0001082731069273e-06
1.0109769356961673e-06
1.1292696174175793e-06
1.1884675182376896e-06
1.1591715193996024e-06
1.1235897781205558e-06
9.527384047871551e-07
1.0301961739847509e-06
8.737871790553581e-07
1.2353244826967476e-06
1.1096862352915738e-06
1.040370424400968e-06
1.048968399541331e-06
1.0016244200047302e-06
1.0244780545658715e-06
1.0139791029850836e-06
1.0890818378882396e-06
1.1433666665291876e-06
1.0389473664180048e-06
1.0706279292101471e-06
1.0985752874741697e-06
1.134834190414324e-06
1.057002441585487e-06
9.980882687727048e-07
1.1186661781159822e-06
1.1788284462204936e-06
9.066427658781489e-07
1.2560320376519161e-06
1.0830089251793905e-06
1.1644335279813154e-06
9.531495647387182e-07
9.980070733026715e-07
1.0728552480943669e-06
1.1274380960054067e-06
1.0113635717920002e-06
1.1274380960054067e-06
1.0728552480943669e-06
9.980070733026715e-07
9.531495647387182e-07
1.1644335279813154e-06
1.0830089251793905e-06
1.2560320376519161e-06
9.066427658781489e-07
1.1788284462204936e-06
1.1186661781159822e-06
9.980882687727048e-07
1.057002441585487e-06
1.134834190414324e-06
1.0985752874741697e-06
1.0706279292101471e-06
1.0389473664180048e-06
1.1433666665291876e-06
1.0890818378882396e-06
1.0139791029850836e-06
1.0244780545658715e-06
1.0016244200047302e-06
1.048968399541331e-06
1.040370424400968e-06
1.1096862352915738e-06
1.2353244826967476e-06
8.737871790553581e-07
1.0301961739847509e-06
9.527384047871551e-07
1.1235897781205558e-06
1.1591715193996024e-06
1.1884675182376896e-06
1.1292696174175793e-06
1.0109769356961673e-06
1.0001082731069273e-06
1.0070371287609698e-06
1.0898024780979672e-06
1.0965457162390213e-06
1.054591030409966e-06
1.0917249516554032e-06
1.0903846557363906e-06
9.837103611164804e-07
1.1068882830077706e-06
1.202659534377628e-06
1.164441846294501e-06
1.035106633950826e-06
1.092976969539838e-06
1.053959050693728e-06
1.0759183161813482e-06
1.171637369447656e-06
1.0454379052833094e-06
1.0519373815139993e-06
1.0729185847490778e-06
1.2023673390210013e-06
9.139930743379386e-07
1.1614224316177805e-06
1.1464566874238011e-06
1.0149750473559824e-06
1.2153916689411981e-06
1.1136885252864818e-06
1.0708417537556052e-06
1.2101363881992257e-06
1.0874731844430343e-06
1.13251309415773e-06
1.0986841956169349e-06
1.150240675287107e-06
1.0607383128751825e-06
1.0476635365570523e-06
1.141410620554227e-06
1.1446355056176682e-06
1.1470842019205516e-06
1.115092328189181e-06
1.117400005525844e-06
1.2205724540063676e-06
1.1500714331931458e-06
1.0156537838078056e-06
1.0944713928328598e-06
1.1847241081679243e-06
1.1547072477007428e-06
1.0642165739190244e-06
1.2055631733672062e-06
1.2214692885370058e-06
1.0886199257310843e-06
1.1960796369843826e-06
1.0766990303427194e-06
1.19422993431156e-06
1.1044060772072174e-06
1.084146743219945e-06
1.083625042313526e-06
1.0988799995395822e-06
1.099866856753537e-06
1.071408689247338e-06
1.1390812979433654e-06
1.1047941217577772e-06
1.219540523314612e-06
1.2196355121684691e-06
1.1295149547540768e-06
1.339778438460418e-06
1.1641144026921855e-06
1.146983836378507e-06
1.151989875469168e-06
1.304844466018507e-06
1.2948863806211155e-06
1.0891691606613301e-06
1.1559591518080105e-06
1.1580780144566887e-06
1.1195373806363732e-06
1.1390856476716823e-06
1.2522868589194242e-06
1.3363441743967678e-06
1.2521950187337476e-06
1.1570815468102843e-06
1.215103571356261e-06
1.0821620394940722e-06
1.1068548841193069e-06
1.2213634221104003e-06
1.3164917311222423e-06
1.1744329312899816e-06
1.2302606901268061e-06
1.2274828679421712e-06
1.387251401605332e-06
1.2254893302160963e-06
1.297354740123502e-06
1.138766256723179e-06
1.2692418527090983e-06
1.195607990220024e-06
1.2437404135699325e-06
1.320556608374717e-06
1.1943159045622791e-06
1.2629445519119124e-06
1.186397155390289e-06
1.2399767283569243e-06
1.2948788741442496e-06
1.1692629254866347e-06
1.1927248897943693e-06
1.3017443330603034e-06
1.380469870896714e-06
1.2405063205921722e-06
1.3918065792959645e-06
1.367754255148121e-06
1.3978801335708755e-06
1.3400897810173328e-06
1.400390381449256e-06
1.3508787787030991e-06
1.362883592463026e-06
1.4233889105922003e-06
1.431409660306362e-06
1.411352382959637e-06
1.2961740097778763e-06
1.5534854951129407e-06
1.2224638513263616e-06
1.8833142143161668e-06
2.491907246819505e-06
2.5199317820730927e-06
3.6993138566416056e-06
8.542573649190359e-06
5.211252022558565e-06
6.1087375944938095e-06
1.1354280062109603e-05
1.4431287313877425e-05
2.5401406226393042e-05
3.0234424814955747e-05
2.7732957697918122e-05
1.0843169007043713e-05
3.73098419659449e-05
1.0787654175343632e-05
2.974016686600404e-05
2.4937954205555433e-05
6.417255105448131e-05
6.0726855690947706e-05
6.630942483519052e-05
2.7080687737660574e-05
4.4405820447536975e-06
4.273301094291906e-05
3.5388637097855016e-05
2.5359046976331305e-05
1.9481086637160925e-05
1.6624665370602157e-05
6.643154214535223e-05
2.057438669804812e-05
5.127565826909729e-05
4.423995801654838e-05
6.0722664081635255e-05
8.618689890281781e-05
5.457355627220649e-05
0.00010699294081068596
0.00010950085589923188
0.00012084114045657223
7.346108734113017e-05
6.748448335301817e-05
6.350414652807404e-05
2.7162983453027346e-05
0.000182279005747485
4.2627094536757536e-05
0.00012082302668473235
4.5811937611155456e-05
5.898074828767998e-06
0.0001852578598719942
2.5764177437269494e-05
5.556873801485238e-05
0.0001045739289108655
0.00012343883266000835
7.565655561951018e-05
0.00015561154627627882
8.639356574115996e-05
8.07171339018359e-05
3.9669623042307724e-05
0.00012090761969864303
0.00020914736774493002
9.945384134906119e-05
0.00011825000850143288
7.126456230000898e-05
4.516169599508762e-05
5.5471230049430214e-05
0.00016274491101879134
0.000117736073421212
0.00010986155444934956
7.544701026753157e-05
0.00010141055159080067
0.00020063608882750137
4.632530451771999e-05
0.00010710676202962865
0.00031504693888380797
0.0002125826056292107
0.00021633028909503224
0.00016703144709663757
4.803872926134802e-05
5.4167234567972534e-05
0.00017520645644503627
0.00021018755000839866
0.00024407442188947683
0.00013469223314167418
0.00016393839429493267
0.00010118284185566556
0.0003849260115046369
0.0001872481231482495
0.0005508422739506642
0.00037587950017294134
0.0002539397603168175
0.0002568900005007172
0.00014825480101843038
0.00036040322669835277
0.00021082759841047497
0.00015344916125311785
0.0002377467550989752
0.00022363284201067264
0.00028524625944765234
0.0001290637155627512
0.0002884096082736725
0.0002315537441182915
0.00039286324568068925
0.00017787635100946505
9.113224284345691e-05
0.000351491578631361
0.00014476499761890957
0.00038354644319328493
0.00029898227026646935
0.00036291214069377413
0.00021753740836018046
0.0003488159527223694
7.313742939550079e-05
0.00036143979257730003
0.00014799490337527864
0.00024056368120514506
0.00038717488047390017
0.0002562462856795894
0.0003571176799031956
0.0004157811698507785
0.0004882290797523541
0.00041187985075196896
0.0003835430312112548
0.00031366141632159343
0.00018221675563324645
0.00015867651841486923
0.0006254641192574485
0.0005955169696339713
0.0004955854689565329
0.0003254936506633654
1.4953719902756462e-05
0.00040861937197731
0.0005678678804477448
0.0003372203391814004
0.0004760870601439323
0.0005289445833583325
0.0001471435299590246
0.0009841824336454552
0.0005167443330846967
0.0004230609986771939
0.00041422262508888024
0.0007490252349616098
0.00028981120205628046
0.0002455693791655383
0.00013212911732011647
0.0004721625026324779
0.0005668490848895643
0.0003492544315403769
0.00021956725224703155
0.0006489339981235052
0.0009240898721031591
0.0002188434841233476
0.000905029898914121
0.0004937481462261046
0.0009885762502497275
0.0005226495429138284
0.0009835797053394275
0.0003970284900459993
0.00015692786570644548
0.0005906720229563299
0.0007595985139915857
0.0007480019378975597
0.0004699279510426322
0.0006697564408852808
0.0011108130929188638
0.00040630386125655804
0.0009646276129561744
0.0003526239225602196
0.0010426763853714153
0.0010095779705071464
0.0007024485988442108
0.0006917605186779384
0.00019330750366505458
0.0006241935566201675
0.0003133606354241756
0.00031631008438605287
0.0006383174317227102
0.000879840588997674
0.000779645512897878
0.001105052890863553
0.0010713293582261187
0.00035780068507806467
0.00034569614515135187
0.0004455455690875682
0.0005227024954647347
0.00035893185563575625
0.0005623247675893302
0.0005103285443015973
0.0009042950743756511
0.001094943884304513
0.0007687766978530993
0.00017765028865193111
0.00022772585494515435
0.0010121768630820163
0.0005899417686204089
0.0005724576704549105
0.0002713458928119576
0.0016251464583281667
0.000837508841235041
0.0004352490731196181
0.0005783847731127075
0.00036318060354394724
7.967771297738675e-05
0.0012616709059907387
0.0006929719365890675
0.0012388376603635531
0.0002204220153099175
0.00045011295812055736
0.0003362128219966437
7.346595213891491e-05
0.0009938440443127555
0.0002803282754084794
0.00018125744106407566
0.001293109493069156
0.0005232218698372507
0.0009887634273144043
0.00013054612862140676
0.0009497666762103268
0.0010165377861744433
0.0017850543978615132
0.0005361901211004375
0.0008450887858625597
0.0005101986284474763
0.0008814422606918982
0.0006662589904268819
0.00019632767779532328
0.00039209104272209996
0.0004028365289447937
0.0015132464842705891
0.00033377739046603526
0.0014401886311240697
0.0010807813555505196
0.0003859695652440896
0.001538047940539068
0.0011931129286052368
0.0007172431268590566
0.0004017749470751883
0.0006198609319306542
0.0013654850780556998
0.001489990500576234
0.001040013593917238
0.0018644867446259829
0.0008327786804051381
0.0004745543878840662
0.0012403098510957438
0.0009567622393902779
0.0008354821534510439
0.0007587898157620177
0.000626047130665741
0.0004391372228635118
0.0021277558625566587
0.00034381458905789416
0.00042163976084517627
0.00041106799415837394
0.0014451794454388074
0.0009679374080774244
0.0020596665207045423
0.0016104208249683848
0.0014271370410424027
0.0018287857353610712
0.0004666337116380264
0.0014950222955518522
0.0009186715743964389
0.0009156169206491106
0.0017041822191097204
0.0008667720034228087
0.0017173856998910792
0.0004896255998295022
0.0030420650828161164
0.001136367614723861
8.457344553832437e-05
0.0005391713730636633
0.0008303397015232486
0.0008728137730000063
0.0005197649005862215
0.0012329160939175137
0.0014524520826212288
0.002948582803061237
0.0014570069276962875
0.0003279500366397223
0.0011655035002533607
0.0024429288132190186
0.0033879581941523617
0.001353991998574297
0.002162952294876221
0.0005561794498659447
0.0037235811590720425
0.0006665199898826903
0.0010583033030536683
0.0014844302905395337
0.0012930911316735266
0.003794944334525931
0.0030150637914699396
0.0014938592718993283
0.0003708673310882453
0.0008576131164831294
0.0012231980015829538
0.0031181670042840378
0.0016037191529385993
0.0013363163535937959
0.00247286570784278
0.0038667060794882135
0.0034881634396508013
0.003023921235770017
0.006949279720352879
0.002721796835349538
0.0012459932125780649
0.003478749133652344
0.0006958633104261842
0.0021598005187559734
0.0035360542364384585
0.001360358204783351
0.005683230009978736
0.00526135759286103
0.0007171965600626098
0.0008059668629023158
0.012612021045179061
0.004013432968276808
0.004267935222205698
0.0020817065987996895
0.007358342714096389
0.005057912333619595
0.004669544025412354
0.0005768345864939644
0.0022409168139147285
0.0034850425194317644
0.004369940659632912
0.00499002280832929
0.0031040941124220044
0.004500909962188992
0.0027685030028502134
0.00809348788735255
0.004256897181967834
0.004332447342632912
0.009207823599770654
0.0027552434897421267
0.002577938839526795
0.0088717888163612
0.0023046279569333143
0.001733826283806705
0.015464441023999178
0.0025099478780356665
0.013172915030414156
0.005045077183206026
0.014290810096882687
0.004130474875968283
0.008043086375773733
0.019010268685948475
0.03970107763072606
0.034164412947563734
0.011930576383092965
0.002549668185557496
