2.5032315237322038e-06
0.003026194469020726
8.763596906667563e-06
1.017250976684601e-05
0.0002161048240244736
0.0012254494927680104
8.366457305070103e-05
0.0009586999182833071
5.9353840618859444e-06
0.0009224494519402712
1.3793841263342495e-05
0.0005153577204550313
0.001805153221045193
5.810020773562975e-06
0.0007500513913327473
0.0034322005812242374
0.00041623756368285795
0.00015264379955005534
1.8404111578886588e-06
1.548754452047759e-05
0.0009929585768834886
0.0009094180927051171
4.033583360582884e-06
0.000471165035110309
7.06200164883683e-06
0.0010024404719894007
0.0004561327236734675
1.1521259534236784e-05
4.336966641726717e-06
0.0022697098475535677
5.9552429380587535e-06
6.923080078284224e-05
2.4693821540256205e-06
4.722365711444033e-06
0.0006803481547146613
1.0707225056197397e-05
2.6175184427861738e-06
0.0001789535798212331
7.162547424818459e-06
0.0007464494222201192
8.321459073688352e-05
1.5168611138711084e-05
0.0010570556462211722
0.0014899877702659696
5.072062083828864e-06
0.0024456323776833847
4.968923181371805e-06
0.0014162050342338651
0.0034422884359413663
0.0003484472789820727
8.357717869342322e-06
0.001954472654663991
1.4973235514484143e-05
0.0015750002408032474
0.0009481144346296387
0.0007615544742025864
0.0010804516044528054
0.00039615620734191983
0.002533556563033973
6.101889822139152e-06
0.001443198363462058
4.929965310703301e-06
0.0003599838186411014
1.4678187033254217e-06
0.0021891527570014543
0.003328068950897463
0.01595510122110439
0.0080179186284233
0.0018738348770965794
0.0013864194922462297
0.001095937652295517
0.0016151537015993598
0.00028691439557222915
0.0009979467305175373
3.9666408163406065e-06
0.00042879148048587253
0.0006215115751023726
5.44673302648738e-05
0.0014235039505177674
0.0014176510211963316
0.0035189206698819173
0.0003871106389141247
0.0021390653367617165
0.0005360058484339775
0.002769253852341861
0.0017622873810161006
0.001283726089800338
0.0037432703080270448
5.1240704330423334e-06
0.0012417980126936058
1.2061176838616825e-05
4.798048062341235e-06
6.1031865184755496e-06
7.524629854478206e-06
8.318983508688153e-06
0.000890101513540497
0.00046947525444816904
9.01978229620476e-06
3.1277293318804238e-06
0.0005202830880615227
0.0020951414831511463
8.120480159408146e-06
0.002450901859068959
0.00016578402233145899
0.009653101933788509
0.0005183162268209663
0.003660261388661005
0.0008420583414180114
0.0019525427485955712
0.00037035160000622303
0.0009634019264654043
5.291939830111692e-06
0.00026762166071098983
0.0022884307475562185
0.0004828942171492288
0.0009315888645517126
0.000654397346610201
4.082032486687526e-06
0.005181439405710521
0.0007903390285610855
0.00014626350729154242
0.0003151799141900655
0.008111065206538402
0.00037329073951863196
0.0005153423250946114
0.0016716958148844485
1.2805514230658513e-05
4.837469633739737e-06
6.991212136867987e-06
0.011169963341747547
0.001459441862403632
0.0010258627337293416
0.000601117563510451
0.00017539025286835477
0.00020140109842999002
5.6022223690182015e-06
5.344945003316441e-05
1.1693910809388691e-05
0.0007729896237232016
0.0004956509935731523
8.24194051091603e-06
0.0005516990515662766
0.0003791530133768733
1.667904602060341e-06
0.007963541458486012
0.0014817025605021912
0.00010216365705092198
0.0006421378750137751
0.0002491851590423289
0.0020369257738741156
0.00010226817737105476
0.00045672450161384154
1.2264280671004558e-05
0.00032083095720802815
4.247120059853478e-06
2.7507780129289964e-06
0.000405884146356446
0.0002239305625376439
0.0003124655092884816
0.002097274995249658
0.0001089157641063497
9.838207907568214e-06
0.004929836471693038
0.00018111428721673332
0.00042729083192335994
1.2301211204078606e-05
7.138511284700498e-06
1.4452124060240743e-05
7.67071335748059e-06
9.154565528745258e-06
0.003256215214020231
7.014621107199123e-06
1.8354380827578488e-05
0.002372390968361394
0.0010231373149353058
0.0006881017980351342
0.0017411713905576764
0.000426720176638152
0.000626145766239295
8.062409406431826e-06
0.0019972332895555594
0.0005290392812601726
0.0013419934628655496
0.00035583365938292923
0.0009269299209977501
0.0002142469335202048
3.748667475307639e-06
0.000422816492667718
2.556071774819899e-05
6.3741067076742725e-06
5.202209698013573e-06
6.25774907403955e-06
2.7187163955228664e-06
0.0037118068386389857
8.632882922576522e-06
8.64670746300189e-05
0.0019046202167972873
7.451443513830494e-06
5.149940398972287e-06
0.0005031339428393237
0.00024441677781388916
0.0006449463212853527
1.6348916212169762e-05
1.2615673213588214e-05
0.001947102629579258
0.001948973281563
7.718571651460509e-06
5.706701530568417e-06
0.0007192694164261259
4.181974543486327e-06
5.515875308964501e-06
0.000849679232308982
0.0002736341292559935
0.00035861003851866594
0.0002167992419611994
0.001103820939238308
0.002004622692502595
1.3729930393870293e-06
0.00046346413686138157
2.4267843171087963e-06
0.00821386027470071
0.0004938524366293821
8.362319141025127e-06
0.007271740437906774
0.001963053948264586
0.00039178205677888056
0.0008732595004449525
5.069519987009255e-06
0.0009736739689445887
2.6122173195485265e-05
0.002608552715718655
0.00028251561577108663
4.723615792493121e-06
0.0003625338385847955
7.40269833625169e-06
0.00029102373808660904
1.1334150525531425e-05
6.25442749652101e-06
0.009268211711666743
1.2078648307235768e-05
6.2122907623049615e-06
0.00022615850368957663
0.0031650152987525173
0.006884844051002651
0.002609679472499521
1.0532235249193015e-05
0.0007024237724943957
4.600539681894129e-06
0.00738365002774458
0.0018428072389303953
0.0003571914523959169
7.5269535611301285e-06
6.399962791426433e-06
0.0005692573684346362
0.001702687615088801
8.417313605351463e-06
0.0037257512357665177
0.0006752177964539984
9.943683629971133e-06
0.001184144151826433
0.00025809916961880584
7.492545794732143e-06
0.0002996930009785279
0.0009176355886964444
8.388949785952459e-06
0.0023243697972634455
0.0016033682546289462
0.001351921901643702
0.00044937528729761594
0.0018715789227954345
4.547668068439816e-06
0.0004407956700983742
1.5348954196123177e-05
1.2112813485624857e-05
0.0019287207446247096
0.0028722519552721575
0.00013299737961746793
0.000509093378330317
0.002594945990633318
0.0015080571930342775
8.994076791407477e-06
0.0006144553538915382
0.0012041182131620977
0.0002161011200975369
0.0008450578703838931
0.000544795033866501
0.0005694093813785364
0.0007623871026347303
1.4149801242736577e-05
1.1459623416663964e-05
4.7285709113075254e-06
5.208454910640375e-06
3.844434627908581e-06
1.0181628046464564e-05
0.0014048910805676501
0.0004298789741668357
0.00030924915147299224
0.000876593648236783
4.4820538872742845e-06
0.0009484759964274325
1.5553685963234035e-05
5.054978618774139e-06
1.0049270938606794e-05
9.155851160194851e-06
0.001637416359036207
0.00012747238403802843
1.947175489218254e-06
6.800607939507619e-06
0.00016282364719456648
7.545421971096455e-06
0.00031421271288204893
1.0348935329598944e-05
0.001128857232341839
0.0049244834825566755
0.00017414107330828194
7.525082682151333e-06
0.00015907653421273445
0.0008794383282153182
0.0003276721256220493
0.0007910112070016045
0.0003844351188882905
0.0001028281032862968
0.0036315752319443445
1.1663622016268618e-05
0.0005498991848884772
0.0019123051604748162
0.0018893389055438072
0.0031142423536541395
0.000822872899567697
0.00044334469046811826
0.00012378289007587096
7.266527761335524e-06
0.003638599113291847
0.0011073616799425019
5.368840512315535e-06
0.0005996148927918376
9.593779992913714e-05
0.004181669114601102
0.002039655638739777
6.66955700819641e-07
8.144473943093032e-06
0.0010227490502411078
0.0013470761367478364
0.00021896995605811856
0.0013981407723873665
0.00386215314668872
8.255662355366588e-05
5.204951031746628e-05
9.504267940704502e-05
0.0009883025784102805
0.0013757764798495136
0.0011689740127574968
0.0006670380173437495
0.00035598278353796755
0.0009527573384112853
0.000611225219036291
0.0014738526026619005
7.473494823117459e-05
0.0005389354326795498
3.244529546794625e-05
0.0014786630271407806
0.00019958860232011566
0.001513403034286658
9.544136879627294e-06
0.0014983059886752434
0.005814694275529273
7.829259148755094e-06
0.0018028386531164166
5.084303417699242e-06
9.985121582806593e-05
1.1503193539589508e-05
0.00041424076293741866
0.0001343242822016199
0.0016754120350620395
1.0429811442038018e-05
0.000998712704011889
0.0002648782942329622
0.00019091066284875516
5.400699115786673e-06
0.00017291613245896985
1.3647292419615162e-05
1.0258523405391139e-05
9.724427140630098e-05
1.1646037665701399e-05
0.0005202492003934534
1.1192734260706518e-05
0.0003387869772046542
0.0028182960838739756
0.0009325776091992626
0.0021781809235712924
9.135523289140653e-05
0.0008181536904782151
1.0116276279227092e-05
8.959843477511075e-06
0.0058447500903498215
0.0003130502802207912
4.075972167360299e-06
3.725951554445899e-06
0.0016806497700038025
0.0008695454356975192
8.556702334033708e-06
0.0015899160180850656
6.99527588022996e-06
0.0007998334117787533
0.001522567218378977
0.0017495613712461885
0.0014334281366952467
0.000833175838828427
0.0014213300751144283
0.00016242608392130043
0.0009485154655605644
0.0009253886569733606
0.0007078497586040523
0.00026085501118432164
0.0029099884409194924
0.0005958244584356931
0.0002279698691786019
0.001316551391373971
0.0024240075854906535
0.00022730758326837384
1.0562268616281355e-05
0.00035415159308652665
0.0026574822651797476
6.0668878016624395e-06
4.517877488234689e-06
0.024483274972589533
5.743319670864119e-06
1.4812926137267696e-06
1.7015532599779308e-05
0.0005177687067723125
0.0004158793462557745
1.098711609747547e-05
0.0009971465367944658
8.308656792506326e-06
4.7769557240793865e-06
5.143137031174857e-06
0.00019205323512960684
0.0005016175264236559
0.0010396882511142806
0.0044520987325922705
0.0015663195920144176
0.0015375012694117233
4.978983993191857e-06
0.0003259437764199037
4.8961760033222114e-06
5.417960104236551e-06
0.000245549594374185
5.260938602019224e-06
0.000634855340798514
0.00010245045386950786
0.0006998016562831224
0.001314937435635341
0.0007183462360577653
0.0015047253692540734
0.0010835722245442745
0.0019017784092208831
5.426305874075636e-06
7.676391072700808e-06
0.008389610579486709
0.00010044015320766909
0.0007566549648477943
0.0037276474645936883
0.0010920773320056917
0.0027088683696829263
0.0006578896568139315
0.0007970419375547715
0.00025200692963681353
0.004224547303050575
0.00026716141119874733
0.002322650833095087
0.0023183903912818832
0.00037610370269014606
0.001513493469750175
0.000601616183621632
4.26754612767418e-06
0.0003182895743159381
8.687512006394981e-07
0.0010961888991059018
0.008573830409630825
9.246060740950971e-06
1.0777664528991242e-05
0.0011639342376025712
0.0035537488820340597
0.0002276147084675122
0.0002150216137511952
0.00011011965663258043
0.00044164918921910985
3.3671472222568516e-06
0.0013059038859348886
0.00048071243267763005
8.535454514136065e-06
0.015945224349127998
0.00027159876788489115
1.5396125812088174e-05
5.429973272971378e-06
0.0003955184255921438
0.007561216694547715
0.00019261309191529626
0.0018602602403937011
0.0010140539689878882
1.294121407810798e-05
5.549840940366903e-07
0.0009164977212896232
0.0005228409808307259
0.00025342333055035376
4.747781226688701e-06
1.27504494880501e-05
0.0021105508582965134
1.408276376582126e-05
4.886556018881981e-06
0.00042389382696469535
0.0035766649194771474
0.00042982281229586247
2.9858648042672396e-06
0.0002674427151238527
0.00025503379646879255
0.0013208941363176564
0.001127656932136808
0.001971539794041319
0.0008583207127203849
5.467101543639212e-06
0.00011875155599183219
6.2479634915241685e-06
0.0012583571197224595
0.0009153535451608422
0.0006962256027239403
4.842128699172995e-06
1.1125595503738385e-05
1.3934140135870849e-06
0.000566867438755043
0.00068527834312221
4.02300171846045e-05
8.50719723179524e-06
0.0004202267629479234
0.0019098151183976498
0.00018724397873185077
0.0006903167094099727
0.00041967215297845825
0.000504837373520382
6.4573141373641165e-06
4.931437801750399e-05
6.9432275871932735e-06
3.7886517124509193e-06
8.221414178450949e-05
0.001449742080538938
0.0007655444762713336
0.00013988547093405403
0.0012876403662519368
5.403880849154479e-06
0.00023932916387116868
0.0006434042050790993
7.586882473953094e-06
6.505192356715283e-06
1.1690300409144583e-05
1.4646571483663603e-05
6.123231645206937e-05
5.721906734761865e-05
0.0008989814403219605
0.0003611722557322392
8.066312076684471e-05
0.0010061523924257978
0.0006042024276522752
2.4689397574046915e-06
0.00048210436488192764
1.4680739914141153e-05
1.3714876625164377e-05
3.216746998079366e-06
1.2562690273284956e-06
0.0004259585341262476
0.0020583158728876925
0.0022029634580304105
0.0013588296993991258
0.0012704742121687333
9.817880530243142e-06
0.0007013983548387037
0.0011143773690449582
8.291119413992467e-06
0.00041062318762397846
3.7195247982808622e-06
0.0011191556353592697
0.0009124222846055867
6.347421145381273e-06
8.37405899509021e-06
6.294443469556523e-05
0.0007803796487562677
0.0026410568461952954
0.00158431352928809
0.002104716546606992
0.00017878422075621046
0.0003263300958425151
0.0006417467914025226
0.0013837647361680722
0.002528017305736822
0.0004348187852398878
1.0042474828961806e-05
1.4043848437445125e-05
0.0012508332952604322
0.0006381967568908959
2.456310435914739e-05
0.00026999987701962027
0.0007441552482826734
0.001681933187720445
0.00015301752022327576
0.0017140604485936918
0.0023252627269941756
9.589786564354117e-06
5.462160884647059e-06
1.0061003867943706e-05
0.0016258499684745423
2.3386651507280036e-05
0.00030194198656407
0.0005377858267381181
0.0004120423846010621
3.547165415671109e-06
4.819752199087289e-06
0.010155533272762442
0.0005510909543271611
0.005239675300908645
0.0005315034793514063
5.928841051996656e-06
7.81383744463501e-06
0.0010868650128941567
0.0016911019352527433
6.837920479358261e-06
0.002896863656011342
0.0014663218596471612
0.0015508205517789095
1.1426979948833968e-05
0.0001296622839680658
0.0004509044110451461
0.0010066818247645084
0.00034992435092738984
7.153768174345035e-06
0.001047726528105639
0.0006627726466990084
0.0019306610934574902
0.002470366480128233
0.00027582592517408274
0.0003221833635883755
6.127322150561022e-06
0.001853245738487792
0.0018214863556077045
0.001277159854065482
0.0014537669304903822
9.48826165235068e-05
0.001370668408601283
0.0008185572394289235
0.007849602517433272
0.0005455323158616984
0.0006280506945078129
3.922916792584368e-06
9.211193873119797e-06
0.0016378204712489037
0.00020944350436456736
0.00020887220893086084
0.0007565064613893703
9.774288780711371e-06
5.378439920080434e-06
8.45113184096851e-06
1.3916357235773688e-05
1.738594561307663e-05
7.781969519258842e-06
0.0007921968256420339
0.0005129215536989199
3.2680773496170038e-06
0.0018064756055044073
0.00022558605352385387
0.0016272580848875778
6.362726972627396e-06
0.0013911253973385473
6.84532757573285e-06
0.00015504108391790756
0.0001769876621749073
0.010245415556088084
8.653979095185583e-06
0.0026788954702287693
0.00016202487663001232
0.0005841845663901757
0.0016887951746047112
2.279671893334757e-06
1.1378969445887031e-05
0.013973543451377659
1.11384727464996e-05
0.0011965088860928445
3.6539938985198124e-06
0.0015646584088883932
0.0005598313802023435
0.0004059796442116097
0.0023178785498460482
6.4752534723631834e-06
0.0022558940723259703
0.000755328635581148
0.0018136131091268783
0.0021039421603460742
0.0007895391205206576
0.0008459583960927608
8.59797916095871e-07
0.0007464057839222672
0.002024408008796662
2.420982203448343e-05
0.0006240930467183202
9.073439234607324e-06
3.3192844428465995e-06
4.975472739414063e-06
0.0014660751340705009
0.00035496045784070207
0.0031552040052381337
0.00018419257707143384
7.254966787153231e-06
0.0014092490814637476
0.00043005363322307896
0.00039045270097930976
0.002735675746839402
0.0010782350848650114
0.0009391916754033395
2.6787720723633432e-05
0.00037217457732420707
0.00027058286079680065
0.0008049058632006787
8.429895170727356e-06
0.002180568239282683
4.6393593033199416e-06
0.003911431240964677
0.0019263033024467598
3.578101434534095e-06
0.0003583384339404964
4.001969989185239e-06
0.0001264672279518532
0.0004569672075355457
5.3872821203480175e-06
0.00010299183653714772
0.045227833056738005
0.0008757796689663037
0.0026917708283124733
0.002479663335721389
0.00018462286989481163
0.002677141224676804
0.0014883844366629887
9.512848834756765e-05
1.9610177895517734e-05
0.0008167881714729634
3.5965428921792503e-06
4.6046381838472846e-06
0.00020776825619023574
0.0008571048766688089
0.000632497644860137
0.0014298850462221414
4.891761038993926e-06
5.1340161445623846e-06
0.0009361483829520832
0.0007341231819217272
9.35801033745447e-06
8.218156362096498e-06
7.581231190378373e-06
0.00018861963547257108
8.193632595775172e-06
0.002013492190180901
0.00020029172343194769
0.001563062446130805
3.397081399636521e-06
0.00012868344832819243
3.917716668876306e-05
0.00044233298106935166
0.00023141597796016267
0.0013146727719331999
0.004150286324516027
0.0013026362512465054
0.001486297131340778
8.674685741744783e-05
0.00034429958493464754
0.0027994261438398184
0.0014731559363775175
0.00020142457647923323
7.995009636497911e-06
5.7311271460356856e-06
0.004405156488576988
0.0026436740318306045
0.004379841055108747
5.518249738423116e-06
0.000719926380255375
0.00087201595518071
0.0005714324170603015
0.0008027803296238119
3.667258488484255e-06
0.000541008749545364
0.0001745368481304698
0.0011873129914091415
2.9763551629624685e-06
3.052508260928968e-06
0.0031121324730652715
7.634977961704923e-06
0.00048089924269207707
0.0008024064020061894
0.0028097298052444245
0.0003963651248929216
8.224072789033213e-06
2.6407799445219608e-05
6.92366944928537e-06
0.0001364421388458536
6.0059365030194435e-05
0.00046822882573905174
0.000927432002814098
0.000419268603380578
4.521164534802635e-06
0.00024712123914203803
5.6935997303021795e-06
0.0019022087377328334
2.341763889529065e-06
0.0002980595741974257
0.007808981391025424
0.0036225646063926344
0.002432794874463203
8.658672095393102e-06
2.2103433155336553e-06
0.0005575545115824689
1.3046178111833196e-05
0.00046345685087113354
0.0012775841208485523
4.8444067252987725e-06
0.00014524079446925838
0.0005039221623959104
1.0654621010660373e-05
0.00031472644967380533
0.0017008945942272218
0.0002180354672190695
0.0009927963024957724
0.00016279915546527998
6.849285528933555e-06
0.004212983396740541
0.0006302026696583431
0.0008916991096922068
0.0005192385427386089
0.005300944839105868
0.00016611445523495106
0.006240724545327015
0.0012026150295955215
0.0007723558648705458
0.0011376032688753127
4.24712926860754e-06
0.000944950040083715
0.0001952451516747057
0.0009624911847511009
0.002720657864777908
0.0013779151074073894
4.62389422597862e-06
6.190933873162854e-06
0.0025749737174978883
1.1604329146431948e-05
1.0198713536571782e-05
1.224153032187526e-06
0.001467398127342009
0.00106702086050536
1.3755026267170801e-05
9.498013833138585e-06
0.001742486668657634
8.762878582722139e-06
7.097605588064071e-06
8.892229286665625e-06
4.060394802794048e-06
0.00025288119637655444
5.311027294619683e-06
0.0001447873719749874
5.0274138104660446e-06
4.641703376484705e-06
2.410249378461875e-05
0.0011077810716424794
7.244283110612748e-06
0.000979759435999276
0.0028286347054964933
0.00031220994517106845
7.928269280151765e-06
0.000495022703174568
0.00023724008436989215
9.010138101905383e-06
0.0006398465231111847
2.8410964823488866e-07
0.0005261888892660125
4.8065736955708975e-06
0.0013130129305405868
0.0031446007555470034
1.6152648463527518e-05
1.1935004298586665e-05
8.624657507913708e-06
0.0008947898291274401
0.0001825953782487354
1.4240766779044292e-05
0.0006011161977549249
1.4009764150677121e-06
0.00020712237834088037
2.8509659099045667e-05
1.0484641228439216e-05
0.0029694541296562747
0.0001743363749849611
0.0012767661726607957
0.0009244108647944966
0.0028560525903986666
0.0004500115188578408
0.00024982739974176746
0.003106479359844096
0.003314385652846259
1.785223463607591e-05
0.00026081910631512296
0.0002289550627684935
3.0696565518522816e-06
0.0014295781688540533
0.0008093891305718183
0.00024754115832739654
7.063051824254356e-06
0.0007657744408493914
0.0013437318506479123
6.725011200701943e-06
0.0015943467423556537
2.5215735404883e-06
0.0008177895827137663
6.291358777806824e-06
0.001638574327681622
0.0003423456527627039
0.00030448292947871753
0.00014755125918311513
1.4517700948491784e-05
3.5547829817210286e-06
0.0003501878600595226
1.4051598579143887e-06
4.5536798402573945e-05
0.0019762044382710445
0.0003832857106982204
5.400186359456535e-06
0.00016578795075608332
0.0012149002186186992
6.445086120846321e-06
0.000514104122594395
0.00118718392542864
0.00021901727756210552
0.0007815392403308111
0.00010122334475838867
8.273928044554772e-06
3.4405829647293625e-06
0.0002004883788944643
0.0010252190709622193
1.6797742138511321e-06
0.00017194261542894168
6.373046756054888e-06
3.955990246290555e-06
7.00903360484254e-06
0.0037123225834135346
0.00015704976363385386
0.00019577316561944627
0.0029395308427007786
0.000511305856732201
1.3041640363866675e-05
0.002179525160770434
1.2664226893270024e-05
0.00032756375885276763
0.00021553957523578435
0.00042275299013779617
8.816141390684076e-06
0.0024911862067901846
0.005427040383721253
9.970194921207185e-06
0.0004355982554800198
6.346057646734256e-06
0.001692256435534159
0.0020312761512351657
0.0007521045499679524
0.0006945573247844286
0.00017777602047930932
0.0013457104946898865
4.836718127909047e-06
1.0306760332545828e-05
0.0006448313874962982
8.790190811186049e-06
0.0003390184273179281
0.002754249557613565
0.001333472871803401
0.001814003119620354
1.3628574128351554e-06
0.0011638087046974088
9.704631895099228e-06
0.0002890903801721017
0.0003696505574263945
6.0899614922066386e-06
7.245642165868944e-05
0.002725455280041869
0.0010732219887953918
0.0005916758044620145
0.0036629920798060957
0.001473345502808351
6.587078054180056e-06
0.0005458484622912107
0.0034196366103379956
0.002188271064402791
0.0007433122808504551
3.4502389264229345e-06
5.988055615931858e-06
4.308436616443177e-06
0.00027338626045037457
0.001361286123333085
4.317157523377133e-06
0.00040080608762653913
0.0004255107549137943
