0.056165054138340824
0.0016829816757578722
0.019609532683265138
0.01928478743196651
0.0020983079924630646
0.011553670601191198
0.004006335191400666
0.0019902636379908476
0.00747260735952451
0.006348100122902715
0.003528859613753276
0.004476873814773647
0.006616655291512081
0.009798925690113897
0.005710033535419535
0.0033227574405295395
0.00496216126077714
0.004971123559265841
0.007956312629780997
0.004294902406939221
0.011188367457206945
0.0038887666920595057
0.0018142623804649784
0.0015374065356306141
0.003988404611422886
0.003200902383445479
0.0033987776757721487
0.0033136303003676766
0.0032389066910703222
0.002539374904604077
0.003426560613587175
0.0020154082446160932
0.004257280855862854
0.005224775342943619
0.0010354502984655303
0.0006806512643714813
0.003274091101083452
0.0018284786067431576
0.004768944957679204
0.003720433714043652
0.00563201398614924
0.005930382525163041
0.0010796337605026483
0.002428521684341465
0.003401399720953256
0.0024628709537221813
0.003779874330197143
0.0026520554324250714
0.0018152079550751118
0.004313045492932547
0.003968116289442502
0.002064059143097745
0.002601095552829902
0.003975576651673896
0.003228095533820739
0.0007175174490478802
0.0016524182937943976
0.0008560115048742975
0.001426340032274578
0.003833103965753737
0.0016568610402688869
0.0005328811499964075
0.004444928040454252
0.0008208847803324413
0.0021807381517351464
0.0015507243988771287
0.0017144822889656444
0.002382393140561739
0.0025601058664496503
0.0004921454712705937
0.0018304774586368644
0.0014433467948440516
0.002501354348133272
0.0006293493393196424
0.0009395846914716316
0.0028862649782291356
0.0011645316468030114
0.0011499661812621018
0.0008285190568474697
0.001598478213176408
0.0011070552857970462
0.0014683938337497417
0.00014617952797351045
0.0007214132604005331
0.0014097864641950044
0.002212297276145545
0.0009659886946457692
0.0005748865663657666
0.0009615524851987061
0.0008368220888007667
0.0014501966908571822
0.0021456525282504534
0.0010108597721377839
0.0008865566588648911
0.0008802286474998578
0.0031342983125062754
0.00039150164563546706
0.0014943227904283167
0.0013871952225407928
0.0006745796077696491
0.0009229998109729619
0.0002943230302011173
0.0015641579087640495
0.002161017412591461
0.00201883264783722
0.0007397213742725059
0.005443713865748226
0.0013142485711899099
0.0015812552966479345
0.0009315143421329191
0.001242639432779905
0.0006899517346941499
0.0004618163494599585
0.001360717698070464
0.0006504993113529967
0.0012013632375785163
0.0013609404682516744
0.0012121384762909966
0.0008433084315439329
0.0009000065681798837
0.0004809445413769015
0.0015651071850168923
0.001268379083183404
0.0005841154834008235
0.0016529937952232448
0.0015526011733229812
0.00038332225519529373
0.0010919289887256494
0.003218958357064308
0.0015266109865241203
0.0029204193979333773
0.0007143483059051558
0.0012272693379863158
0.0006269215926274908
0.0010571776747777353
0.001042929468399687
0.0008919262779256692
0.001310688205623684
0.0019029237638907193
0.0005283943600481046
0.0008742267851321688
0.002295091707899904
0.0013129429328571924
0.0018395775070175469
0.0018400888867377847
0.0011981932514541264
0.0017494529461662268
0.0007748873305364067
0.0016454400762527422
0.0007895648869132906
0.0007481137089128618
0.0026253622570290643
0.0019175516937797175
0.0008442538931360716
0.0010320613696419146
0.000669601579911129
0.00039959501937989367
0.0020231221863723212
0.002133730972927011
0.0010678118529848517
0.0013158863899629008
0.0018323795336239756
0.00016001656435189494
0.0016176760669007143
0.0008739972540346283
0.000926214806980154
0.0005521519992771307
0.0011743673092301015
0.0007967010569512537
0.0006847602648812282
0.0013688125147120458
0.0012078212700980429
0.0009509636657326753
0.00048810386119189686
0.0011314159974018213
0.000926991145662896
0.0007432855221437309
0.0005544821556910644
0.0023210838578714725
0.0005069852541519571
0.00160155262709421
0.0010208238806971909
0.0006788692565126288
0.002393736681128953
0.0008137123761334584
0.001152044951617531
0.0008602584956616509
0.00017985154144623024
0.001669092612214715
0.002190237317501104
0.0006659039381856919
0.0004722215699572935
0.0015948141721848891
0.0019611988716299726
0.0015042754237516974
0.0007256557901526624
0.0009499950780856417
0.0007417553148287304
0.00040579922633950295
0.0015832762656672902
0.0016186060963668159
0.0010747536130379842
0.0005172528697649446
0.0010643039294771543
0.0007996249535159925
0.0009571679862482239
0.0007911169358851213
0.00037761593196422073
0.0004298760994080589
0.0011604074511319944
0.0008327779395363483
0.00039702694088488425
0.0004300787198864762
0.0007541079980761623
0.0010003017347947776
0.0005376034051580809
0.00022655822167938337
0.0005662449831371857
0.0003848306686745144
0.0004763276775789034
0.0003043815380145585
0.000593937034029409
0.00040104991158915665
0.000337069527666973
0.0006920039292624353
0.000914696771978094
0.0006681764619544582
0.00022915054936424413
0.0004061114172093994
0.00038058507101003186
0.00015473521238303355
0.0005379642200823049
0.0008091614566513673
0.00018962746623481317
0.00014006787510006697
0.0002816645415905547
0.00023785582662774155
0.00022236564289040433
0.000344284144952547
0.00010332699315890957
0.00041654995857899634
0.0006938136565560492
0.00013440341121444128
0.00029283734401021517
0.00032776886024641055
0.000380714970718038
0.0001806589112386648
0.00044841627433322084
0.00011382915176235005
0.00034169193274710143
0.0003797729058729062
0.0002990292006535979
0.00023132572614448764
0.00015971973066586682
0.00018433845298809653
9.613262398256375e-05
0.0002310449523329318
0.00028522694890166327
0.0002130299299296214
0.00019612660120554832
0.00022513256551861453
0.0002253478388731345
0.00012511535393494962
0.00014055246358376947
2.8471783663444144e-05
4.712332227350399e-05
0.00017339851708463066
0.00017004096789299307
0.0003509526638357189
5.8064846959201325e-05
9.345542186732385e-05
9.690484504510582e-05
0.00026089896016578593
6.153297359401435e-05
0.0002789398806058948
0.00020417760445142982
4.4148476790972384e-05
8.732420009905582e-05
7.883053771613486e-05
8.62536016558456e-05
8.296297266850819e-05
6.0954023287963686e-05
0.0001764596733858362
0.00016121330454747508
6.0597829061312314e-05
6.958714767645621e-05
0.00012960776051672537
0.00012815638357787523
3.090405624695303e-05
7.556120752217454e-05
4.941949268730866e-05
4.7418253803936085e-05
8.997005565407077e-05
8.784346109022124e-05
4.7440391258146595e-05
0.00011876896030990427
0.00012789920607717158
7.597314197657249e-05
9.128146963507881e-05
0.00015039273187082488
0.0001372593897113096
0.00012801730782971817
8.311477469609925e-05
3.468574817197232e-05
0.00013824144890442464
0.0001024162575661997
3.22787365861526e-05
0.00011523070953366547
0.00011089074490836774
6.475753050754352e-05
3.033043266056564e-05
8.7976061347995e-06
3.997477011083238e-05
0.00013174060184419697
8.047656437283214e-05
0.0001080000265719178
4.029557859253306e-05
3.487913233655565e-05
0.0001133445280998529
7.653562168851814e-05
5.0069537301605515e-05
9.747406241252152e-05
2.1795868578003972e-05
2.375117556457182e-05
5.535256558156513e-05
6.67933107920588e-05
3.7092142876893534e-05
7.586144338744312e-05
6.293958637736698e-05
3.0493819792742274e-05
5.7391554336590506e-05
2.081045687976144e-05
2.9853818717388583e-05
4.109073901277988e-05
4.089493812637198e-05
3.4832849664440335e-05
3.7273085037349e-05
2.7359763452504347e-05
2.5201992553689522e-05
3.2921268138505694e-05
6.568984766311515e-06
2.700669947343929e-05
2.784130306015183e-05
2.4636769762273365e-05
9.018733768903312e-06
1.494919968391408e-05
2.765069088879143e-06
2.622343060311795e-06
1.1165980921442892e-06
1.8104534561191983e-06
6.929489012301056e-07
3.7291482241978295e-07
3.704389109151216e-07
6.694427163244274e-07
4.921129945369403e-07
4.111219330761829e-07
1.994044412735861e-06
8.619877323495892e-07
1.5211054687087413e-06
5.603826591822921e-07
1.6905466172263109e-06
1.3048257005774758e-06
1.3212223201740998e-06
2.8459598681021655e-07
8.872753928885198e-07
4.6693042978757513e-07
4.3820219622323036e-07
6.715004615891824e-07
1.0405079052903566e-06
1.4538846512245485e-06
7.383327318725975e-07
8.09411694979834e-07
2.228343606390146e-06
3.170736414376522e-07
1.6016318964176534e-06
1.1898282075952694e-07
1.386432873154488e-06
8.298663786087247e-07
8.548298283907979e-07
6.11601713087905e-07
7.592739608387642e-07
9.636780975735578e-07
1.6652459341172627e-07
7.539813293991168e-07
1.3317987015187926e-06
1.3568740640412577e-06
1.099931836081463e-06
6.062110502550267e-07
1.8769781383607563e-06
1.0092408976839167e-06
1.2364337029444187e-06
6.973005524121774e-07
4.958801525091566e-07
1.2323627218765368e-07
5.215907148331918e-07
4.45562256351693e-07
3.1203235480849484e-07
1.35924058886571e-06
3.4623409535038754e-07
7.033325040908035e-07
1.9459646364031823e-06
1.4124611571719911e-06
1.294475227216661e-06
1.1289146501643639e-06
8.464218498233068e-07
9.441819493751998e-07
3.768041392533228e-07
6.285804008894559e-07
7.880940597699819e-07
5.769373025002715e-07
8.597833821660662e-07
5.645531470304217e-07
9.56955102141462e-07
2.038143657153208e-06
2.3538683389527356e-07
1.5262252390953612e-06
9.7308959935143e-07
1.310752763534907e-06
8.084729510636465e-07
6.685155041987285e-07
7.073697369728207e-07
6.790195123196954e-07
9.178429437230601e-07
7.094576939630973e-07
4.677882905533511e-07
1.3299482335080456e-06
5.28445551730668e-07
1.3446717445754376e-06
9.070315233647617e-07
2.07827168853766e-06
5.098097653109947e-07
1.1454040885804457e-06
5.905051387263289e-07
1.3538190741219507e-06
4.4214500333026355e-07
1.0945498683147643e-06
5.960780370370132e-07
2.139180773508837e-07
8.022467114464219e-07
8.881592908065207e-07
1.6348192712344092e-07
2.181752669245167e-06
9.40104810907642e-07
1.2885347219397258e-06
4.322444620114864e-07
1.3545822662008092e-06
8.635450644248138e-07
8.661085044199427e-07
3.357342854559023e-07
1.0326241556253997e-06
2.611329609709263e-07
6.121284806056008e-07
1.0285145802572426e-06
1.086005125288597e-06
1.4286896098777714e-06
9.519691159000174e-07
1.2868752013340806e-07
1.503396694510756e-06
8.888397853063678e-07
9.855266209076895e-07
1.474503560960617e-07
1.2597904289438016e-06
1.055907482455616e-06
9.163597508003448e-07
1.0874528673982732e-06
2.3435417362445368e-07
1.1048018504725528e-06
2.0170746929394097e-07
7.507098946945566e-07
1.1887880147518763e-06
1.4964789085496697e-06
8.730934712840053e-07
3.1466949158113533e-07
1.1982456725395662e-06
1.7290907833463662e-06
4.530223619056065e-07
9.846055867842504e-07
7.121413029743402e-07
2.4188956105960656e-07
7.870228993903205e-07
9.95994856621571e-07
1.7924846155972262e-07
1.6938099973972768e-06
2.2771233203902962e-07
5.026991745945643e-07
1.0094904378084817e-06
1.8002690548934213e-06
8.323582851302778e-07
9.181446343869841e-07
5.189994586193757e-07
1.4263270918251582e-06
6.076693007437028e-07
8.259161147354101e-07
1.1711076178870174e-06
6.525514239968364e-07
7.731954533245626e-07
7.267781695960365e-07
6.455673425128479e-07
2.1440451757586813e-06
4.796394210500562e-07
1.167501561958805e-06
4.796394210500562e-07
2.1440451757586813e-06
6.455673425128479e-07
7.267781695960365e-07
7.731954533245626e-07
6.525514239968364e-07
1.1711076178870174e-06
8.259161147354101e-07
6.076693007437028e-07
1.4263270918251582e-06
5.189994586193757e-07
9.181446343869841e-07
8.323582851302778e-07
1.8002690548934213e-06
1.0094904378084817e-06
5.026991745945643e-07
2.2771233203902962e-07
1.6938099973972768e-06
1.7924846155972262e-07
9.95994856621571e-07
7.870228993903205e-07
2.4188956105960656e-07
7.121413029743402e-07
9.846055867842504e-07
4.530223619056065e-07
1.7290907833463662e-06
1.1982456725395662e-06
3.1466949158113533e-07
8.730934712840053e-07
1.4964789085496697e-06
1.1887880147518763e-06
7.507098946945566e-07
2.0170746929394097e-07
1.1048018504725528e-06
2.3435417362445368e-07
1.0874528673982732e-06
9.163597508003448e-07
1.055907482455616e-06
1.2597904289438016e-06
1.474503560960617e-07
9.855266209076895e-07
8.888397853063678e-07
1.503396694510756e-06
1.2868752013340806e-07
9.519691159000174e-07
1.4286896098777714e-06
1.086005125288597e-06
1.0285145802572426e-06
6.121284806056008e-07
2.611329609709263e-07
1.0326241556253997e-06
3.357342854559023e-07
8.661085044199427e-07
8.635450644248138e-07
1.3545822662008092e-06
4.322444620114864e-07
1.2885347219397258e-06
9.40104810907642e-07
2.181752669245167e-06
1.6348192712344092e-07
8.881592908065207e-07
8.022467114464219e-07
2.139180773508837e-07
5.960780370370132e-07
1.0945498683147643e-06
4.4214500333026355e-07
1.3538190741219507e-06
5.905051387263289e-07
1.1454040885804457e-06
5.098097653109947e-07
2.07827168853766e-06
9.070315233647617e-07
1.3446717445754376e-06
5.28445551730668e-07
1.3299482335080456e-06
4.677882905533511e-07
7.094576939630973e-07
9.178429437230601e-07
6.790195123196954e-07
7.073697369728207e-07
6.685155041987285e-07
8.084729510636465e-07
1.310752763534907e-06
9.7308959935143e-07
1.5262252390953612e-06
2.3538683389527356e-07
2.038143657153208e-06
9.56955102141462e-07
5.645531470304217e-07
8.597833821660662e-07
5.769373025002715e-07
7.880940597699819e-07
6.285804008894559e-07
3.768041392533228e-07
9.441819493751998e-07
8.464218498233068e-07
1.1289146501643639e-06
1.294475227216661e-06
1.4124611571719911e-06
1.9459646364031823e-06
7.033325040908035e-07
3.4623409535038754e-07
1.35924058886571e-06
3.1203235480849484e-07
4.45562256351693e-07
5.215907148331918e-07
1.2323627218765368e-07
4.958801525091566e-07
6.973005524121774e-07
1.2364337029444187e-06
1.0092408976839167e-06
1.8769781383607563e-06
6.062110502550267e-07
1.099931836081463e-06
1.3568740640412577e-06
1.3317987015187926e-06
7.539813293991168e-07
1.6652459341172627e-07
9.636780975735578e-07
7.592739608387642e-07
6.11601713087905e-07
8.548298283907979e-07
8.298663786087247e-07
1.386432873154488e-06
1.1898282075952694e-07
1.6016318964176534e-06
3.170736414376522e-07
2.228343606390146e-06
8.09411694979834e-07
7.383327318725975e-07
1.4538846512245485e-06
1.0405079052903566e-06
6.715004615891824e-07
4.3820219622323036e-07
4.6693042978757513e-07
8.872753928885198e-07
2.8459598681021655e-07
1.3212223201740998e-06
1.3048257005774758e-06
1.6905466172263109e-06
5.603826591822921e-07
1.5211054687087413e-06
8.619877323495892e-07
1.994044412735861e-06
4.111219330761829e-07
4.921129945369403e-07
6.694427163244274e-07
3.704389109151216e-07
3.7291482241978295e-07
6.929489012301056e-07
1.8104534561191983e-06
1.1165980921442892e-06
2.622343060311795e-06
2.765069088879143e-06
1.494919968391408e-05
9.018733768903312e-06
2.4636769762273365e-05
2.784130306015183e-05
2.700669947343929e-05
6.568984766311515e-06
3.2921268138505694e-05
2.5201992553689522e-05
2.7359763452504347e-05
3.7273085037349e-05
3.4832849664440335e-05
4.089493812637198e-05
4.109073901277988e-05
2.9853818717388583e-05
2.081045687976144e-05
5.7391554336590506e-05
3.0493819792742274e-05
6.293958637736698e-05
7.586144338744312e-05
3.7092142876893534e-05
6.67933107920588e-05
5.535256558156513e-05
2.375117556457182e-05
2.1795868578003972e-05
9.747406241252152e-05
5.0069537301605515e-05
7.653562168851814e-05
0.0001133445280998529
3.487913233655565e-05
4.029557859253306e-05
0.0001080000265719178
8.047656437283214e-05
0.00013174060184419697
3.997477011083238e-05
8.7976061347995e-06
3.033043266056564e-05
6.475753050754352e-05
0.00011089074490836774
0.00011523070953366547
3.22787365861526e-05
0.0001024162575661997
0.00013824144890442464
3.468574817197232e-05
8.311477469609925e-05
0.00012801730782971817
0.0001372593897113096
0.00015039273187082488
9.128146963507881e-05
7.597314197657249e-05
0.00012789920607717158
0.00011876896030990427
4.7440391258146595e-05
8.784346109022124e-05
8.997005565407077e-05
4.7418253803936085e-05
4.941949268730866e-05
7.556120752217454e-05
3.090405624695303e-05
0.00012815638357787523
0.00012960776051672537
6.958714767645621e-05
6.0597829061312314e-05
0.00016121330454747508
0.0001764596733858362
6.0954023287963686e-05
8.296297266850819e-05
8.62536016558456e-05
7.883053771613486e-05
8.732420009905582e-05
4.4148476790972384e-05
0.00020417760445142982
0.0002789398806058948
6.153297359401435e-05
0.00026089896016578593
9.690484504510582e-05
9.345542186732385e-05
5.8064846959201325e-05
0.0003509526638357189
0.00017004096789299307
0.00017339851708463066
4.712332227350399e-05
2.8471783663444144e-05
0.00014055246358376947
0.00012511535393494962
0.0002253478388731345
0.00022513256551861453
0.00019612660120554832
0.0002130299299296214
0.00028522694890166327
0.0002310449523329318
9.613262398256375e-05
0.00018433845298809653
0.00015971973066586682
0.00023132572614448764
0.0002990292006535979
0.0003797729058729062
0.00034169193274710143
0.00011382915176235005
0.00044841627433322084
0.0001806589112386648
0.000380714970718038
0.00032776886024641055
0.00029283734401021517
0.00013440341121444128
0.0006938136565560492
0.00041654995857899634
0.00010332699315890957
0.000344284144952547
0.00022236564289040433
0.00023785582662774155
0.0002816645415905547
0.00014006787510006697
0.00018962746623481317
0.0008091614566513673
0.0005379642200823049
0.00015473521238303355
0.00038058507101003186
0.0004061114172093994
0.00022915054936424413
0.0006681764619544582
0.000914696771978094
0.0006920039292624353
0.000337069527666973
0.00040104991158915665
0.000593937034029409
0.0003043815380145585
0.0004763276775789034
0.0003848306686745144
0.0005662449831371857
0.00022655822167938337
0.0005376034051580809
0.0010003017347947776
0.0007541079980761623
0.0004300787198864762
0.00039702694088488425
0.0008327779395363483
0.0011604074511319944
0.0004298760994080589
0.00037761593196422073
0.0007911169358851213
0.0009571679862482239
0.0007996249535159925
0.0010643039294771543
0.0005172528697649446
0.0010747536130379842
0.0016186060963668159
0.0015832762656672902
0.00040579922633950295
0.0007417553148287304
0.0009499950780856417
0.0007256557901526624
0.0015042754237516974
0.0019611988716299726
0.0015948141721848891
0.0004722215699572935
0.0006659039381856919
0.002190237317501104
0.001669092612214715
0.00017985154144623024
0.0008602584956616509
0.001152044951617531
0.0008137123761334584
0.002393736681128953
0.0006788692565126288
0.0010208238806971909
0.00160155262709421
0.0005069852541519571
0.0023210838578714725
0.0005544821556910644
0.0007432855221437309
0.000926991145662896
0.0011314159974018213
0.00048810386119189686
0.0009509636657326753
0.0012078212700980429
0.0013688125147120458
0.0006847602648812282
0.0007967010569512537
0.0011743673092301015
0.0005521519992771307
0.000926214806980154
0.0008739972540346283
0.0016176760669007143
0.00016001656435189494
0.0018323795336239756
0.0013158863899629008
0.0010678118529848517
0.002133730972927011
0.0020231221863723212
0.00039959501937989367
0.000669601579911129
0.0010320613696419146
0.0008442538931360716
0.0019175516937797175
0.0026253622570290643
0.0007481137089128618
0.0007895648869132906
0.0016454400762527422
0.0007748873305364067
0.0017494529461662268
0.0011981932514541264
0.0018400888867377847
0.0018395775070175469
0.0013129429328571924
0.002295091707899904
0.0008742267851321688
0.0005283943600481046
0.0019029237638907193
0.001310688205623684
0.0008919262779256692
0.001042929468399687
0.0010571776747777353
0.0006269215926274908
0.0012272693379863158
0.0007143483059051558
0.0029204193979333773
0.0015266109865241203
0.003218958357064308
0.0010919289887256494
0.00038332225519529373
0.0015526011733229812
0.0016529937952232448
0.0005841154834008235
0.001268379083183404
0.0015651071850168923
0.0004809445413769015
0.0009000065681798837
0.0008433084315439329
0.0012121384762909966
0.0013609404682516744
0.0012013632375785163
0.0006504993113529967
0.001360717698070464
0.0004618163494599585
0.0006899517346941499
0.001242639432779905
0.0009315143421329191
0.0015812552966479345
0.0013142485711899099
0.005443713865748226
0.0007397213742725059
0.00201883264783722
0.002161017412591461
0.0015641579087640495
0.0002943230302011173
0.0009229998109729619
0.0006745796077696491
0.0013871952225407928
0.0014943227904283167
0.00039150164563546706
0.0031342983125062754
0.0008802286474998578
0.0008865566588648911
0.0010108597721377839
0.0021456525282504534
0.0014501966908571822
0.0008368220888007667
0.0009615524851987061
0.0005748865663657666
0.0009659886946457692
0.002212297276145545
0.0014097864641950044
0.0007214132604005331
0.00014617952797351045
0.0014683938337497417
0.0011070552857970462
0.001598478213176408
0.0008285190568474697
0.0011499661812621018
0.0011645316468030114
0.0028862649782291356
0.0009395846914716316
0.0006293493393196424
0.002501354348133272
0.0014433467948440516
0.0018304774586368644
0.0004921454712705937
0.0025601058664496503
0.002382393140561739
0.0017144822889656444
0.0015507243988771287
0.0021807381517351464
0.0008208847803324413
0.004444928040454252
0.0005328811499964075
0.0016568610402688869
0.003833103965753737
0.001426340032274578
0.0008560115048742975
0.0016524182937943976
0.0007175174490478802
0.003228095533820739
0.003975576651673896
0.002601095552829902
0.002064059143097745
0.003968116289442502
0.004313045492932547
0.0018152079550751118
0.0026520554324250714
0.003779874330197143
0.0024628709537221813
0.003401399720953256
0.002428521684341465
0.0010796337605026483
0.005930382525163041
0.00563201398614924
0.003720433714043652
0.004768944957679204
0.0018284786067431576
0.003274091101083452
0.0006806512643714813
0.0010354502984655303
0.005224775342943619
0.004257280855862854
0.0020154082446160932
0.003426560613587175
0.002539374904604077
0.0032389066910703222
0.0033136303003676766
0.0033987776757721487
0.003200902383445479
0.003988404611422886
0.0015374065356306141
0.0018142623804649784
0.0038887666920595057
0.011188367457206945
0.004294902406939221
0.007956312629780997
0.004971123559265841
0.00496216126077714
0.0033227574405295395
0.005710033535419535
0.009798925690113897
0.006616655291512081
0.004476873814773647
0.003528859613753276
0.006348100122902715
0.00747260735952451
0.0019902636379908476
0.004006335191400666
0.011553670601191198
0.0020983079924630646
0.01928478743196651
0.019609532683265138
0.0016829816757578722
