0.009400581976539493
0.002874111266056954
0.020985199684181898
0.03472605249336808
0.013563394166037513
0.022958494134756147
0.03749300439152142
0.008775419883213016
0.005820680302882048
0.04302624927132075
0.016439098179563388
0.007042229151885251
0.012167322270142954
0.0026137979929320102
0.005094811406906001
0.017494255211993864
0.0015878194752553816
0.006785918024264967
0.015009553652593096
0.008087468172895554
0.006802415437136795
0.002191115758725706
0.0031891875691998626
0.009054827378661458
0.008792729358953826
0.0022462396824203756
0.0010580674716927888
0.004954806155986336
0.0017015129254380847
0.0023384977519346696
0.014552557838129879
8.116491923995181e-05
0.0012385002999899426
0.0013052267740402156
0.001970429258721364
0.00033618989646188934
0.010986197240111555
0.0013746409004744035
0.005261312312402056
0.0012143700042223458
0.0036566920940006185
0.001457074771056097
0.00018955328874084798
0.0025129237465184246
0.0014595959887255964
0.004859172210618783
0.001114491443711271
0.0016258961166639044
0.001836414705505097
0.0028228007065149727
0.0022433622437789333
0.001186853534943139
0.0018107969809654306
0.0009843208538859824
0.0017680427054950127
0.0007726712618293854
0.003741669153150235
0.00036179710505099646
0.0022349387368751673
0.001745392008719839
0.0007588528779565209
0.00529259116186201
0.0005211414442911306
0.0019525093238879777
0.000709127279419683
0.00036393494240672704
0.0002555180584916965
0.002724811252597221
0.000573723991415364
0.003168903248109259
0.0009473648018258126
0.0017991139198592853
0.0017238538100773824
0.0032011024172433626
0.0013693155531077942
0.0011564167622331119
0.0025073594626941124
0.0005045565164842737
0.00018601945682261557
0.0006654816879507616
0.0006786153261139311
0.0018799282202638067
0.001210434860220568
0.0012137899001750095
0.0014411270549366114
0.001370963968050928
0.0009459467564855199
0.0013167041007610006
0.0007702196316382244
0.0009833933461357788
0.0008383556692751299
0.0011409494991678325
0.0014742574841782635
0.0006730285937171064
0.00040375358717008693
0.0012909162641296145
0.0003535478920337452
0.0011638471474255784
0.0004447457261664144
9.589635128700908e-05
0.000296520484335253
0.0003593950903128634
0.0006942064747674922
0.0005111495815368044
8.544240486265347e-05
0.0003894338237715348
0.0008942960233488237
0.00037018868256328397
0.00015247698532467056
0.0005017086697502019
0.00033595405581085075
0.00028897076318280747
0.0003139392578819556
0.0005240753520277384
0.000955176329782894
0.0007545777515139363
0.00047847611877562365
0.0004126164958675091
0.00037911314006064303
0.00017636945611257252
0.0003407718267318978
0.0004434544920218301
0.0006912363198653924
0.00039962754232003865
0.0005458101359773898
0.00021914929462474577
0.00012019031790027877
0.00032135909651339164
0.00011590377624847867
0.00030131982599368467
0.0001556168616388431
0.0001264506098343748
0.00021233036611334382
0.00026661526610387575
0.00017616028392066944
0.0004639609078704696
0.00030384990745768487
0.0003852366138300968
0.00045382768602443834
0.00032870314709784607
0.00021464621676467834
0.0003111501159115381
0.0004758511034385754
0.0004528897636287717
0.00031796660146430857
0.00017495261092178162
0.00029309334484312033
0.0006189013931804045
0.0002624525032951958
0.00012832345201623346
0.0002830659573972829
9.840852887646215e-05
0.00022805263912886083
3.558546879882309e-05
0.00014513691997799832
0.00015162825100399033
0.00014354843291987016
6.460145070046717e-05
0.00025438124940035847
0.00045375198636408764
0.0004524758246120389
0.0002272404566013329
0.00031519261958066217
0.00016529611021942983
0.0001346313157781182
0.00017327238232217043
8.705450234493767e-05
8.002386444476714e-05
7.314261383457991e-05
0.0001388594090335063
9.788762926546117e-05
0.00036866593760617343
9.468162672885016e-05
0.0001518801264986955
0.00017405895542721935
0.00019182765929617973
0.0001974599542898219
0.00018081121410990918
3.1262340524426636e-05
8.259817103064207e-05
0.00018450911100536334
0.0003037881588207793
0.00023051152532513428
0.0001332408340877762
0.00016722029866185782
8.952733064006865e-05
0.00018496487435215066
1.6822242731503194e-05
0.00016154520788386534
0.00011945085699086769
0.00014747813337373395
0.0001132754350801263
0.0001242553016293049
0.00022150289174066123
8.250783027618103e-05
7.330975779015398e-05
0.00019426999376481342
0.0001139545901699145
0.00018790798234329993
7.51709476720968e-05
0.00011783038306501306
0.00010958378001891292
0.00014968491492193398
9.080356327380277e-05
0.0002937792587774949
0.00021494891326350919
0.00020260842384231244
0.00018371560110923445
6.979799915731985e-05
0.00011416706070722475
2.8005489342673502e-05
2.9022121514174758e-05
0.00018996624441656605
0.00012508463781912564
0.00015282089370086325
4.3160717544249814e-05
0.00021754257397432563
0.00020319846084136903
8.032986086996345e-05
7.578091972512643e-05
0.00010722139737527233
4.0092765103904374e-05
0.00012866568635648033
0.00011388341612519636
3.3249871699165764e-05
5.030893184311072e-05
5.303883594660281e-05
8.293487797919719e-05
0.00014559461010040748
0.00015858392755294223
0.0001094723656406318
0.00019526127162624844
9.083128561592785e-05
7.401167370821319e-05
0.00015958754494345697
5.892453667979404e-05
4.183463330208856e-05
9.34402233131864e-05
6.185833289888621e-05
0.00011045613259676091
5.421461481463228e-05
0.00021336520377052614
8.681563428045878e-05
5.6070882311831964e-05
9.786455237126405e-05
7.409370759908798e-05
0.00010496806647094332
0.0001138395006686089
2.673963708124368e-05
9.988289380860543e-05
4.5587270863850835e-05
8.273371185148544e-05
7.787994397124559e-05
2.3399619902202626e-05
2.6484988899785775e-05
2.1237179076052215e-05
1.228658878704887e-05
0.00010962634602901237
8.93641577037055e-05
5.7366946851324986e-05
2.958746505584514e-05
0.00012474015657186753
0.00010375258423009427
5.00739066490383e-05
5.96590344236523e-05
4.410856333441973e-05
0.00011277779324736418
7.410382506252151e-05
8.13514454350398e-05
0.00014128610691843143
0.00014034929185080292
8.248198408552734e-05
6.391156281044136e-05
5.544991247865269e-05
2.9506767090598386e-05
8.016282879894679e-05
4.898098100240773e-05
2.6076400276376574e-05
5.7203921582538555e-05
2.4566411246024327e-05
4.719823743811605e-05
1.3926340721861902e-05
5.884954534467313e-05
6.423693378050156e-05
2.647636985883867e-05
5.286785852714798e-05
9.650940483970289e-05
7.247378120658677e-05
3.5874043956460104e-05
6.665349907282326e-05
3.809791483290501e-05
8.624772240965327e-05
3.125647719510902e-05
5.785018260002071e-05
2.7999900517351627e-05
5.281845917429253e-05
6.825222352713651e-05
0.00011104500030860113
9.113529851400173e-05
9.936172395517657e-05
8.077731189920575e-05
2.647652200303838e-05
3.636146270757872e-05
1.672407215486559e-05
4.4167104561016684e-05
6.11247686298965e-05
6.052324365535217e-05
2.122233686099188e-05
2.9502870039030228e-05
2.7081571567651577e-05
3.971923498374013e-05
3.8367853342109486e-05
4.429976046544925e-05
5.062808826063225e-05
2.4660511403927548e-05
5.553412964571051e-05
3.801991315292607e-05
2.8026361584649946e-05
5.303320852998146e-05
5.267526426367003e-05
3.3968005177502006e-05
3.798919042286304e-05
2.9287334868548793e-05
6.188733903683744e-05
2.8135788962851133e-05
1.245510683420068e-05
2.503849214994009e-05
2.0204629220804385e-05
3.796617123856162e-05
2.937433287445151e-05
2.196753241218403e-05
4.09205737098999e-05
2.7717405052327788e-05
1.9973384621199924e-05
3.352803764901824e-05
7.087297199256112e-06
2.6483880055963885e-05
1.8193793600082876e-05
1.1318907793910056e-05
4.592855136214413e-05
1.2123611913732184e-05
2.68053126212175e-05
5.883142784094516e-06
1.0225457148428661e-05
3.161532313368262e-06
7.931467784095435e-06
3.2943081516817078e-06
3.078834005296377e-06
2.3027239621755644e-06
2.471526655404976e-06
2.0449120436236092e-06
2.2966331429260483e-06
1.8242114699985881e-06
2.2763865108744915e-06
2.085179537461429e-06
2.0581044658656662e-06
2.0333603849748716e-06
2.313740735860192e-06
1.462377816587844e-06
1.7506913724821069e-06
1.6600126104767087e-06
1.8049042236678917e-06
1.6655131068403267e-06
1.8919696115856208e-06
1.8339264352661674e-06
1.833542274017448e-06
2.128706037850578e-06
1.4218344275413188e-06
1.9802459157624393e-06
1.8547115735752867e-06
1.6132638561151006e-06
1.6738581964600833e-06
1.920151663765974e-06
1.9296999847931175e-06
1.5985171147819131e-06
1.7033977596005613e-06
1.7036123031667576e-06
1.3912736663054004e-06
1.638522296024532e-06
2.054367241593483e-06
1.7462635409767025e-06
1.4970796598003617e-06
1.504847175736088e-06
1.7009610588255404e-06
1.951679963743448e-06
1.3553943384106894e-06
1.7646869054424818e-06
1.5414267490747182e-06
1.9583855825207556e-06
1.8897031048547108e-06
1.563167193953125e-06
1.4863118227746052e-06
1.5541714421253118e-06
1.8367865102319747e-06
1.7017353922459962e-06
2.149517994060476e-06
1.6344802546470827e-06
1.5458968028072422e-06
1.7184941074836599e-06
1.3403411696466e-06
1.713114693971089e-06
1.594564383679564e-06
1.8058758500112907e-06
1.2944731770606533e-06
2.03795157764173e-06
1.7213478002765545e-06
1.6055919744463707e-06
1.694386510959357e-06
1.3555039226286185e-06
2.002682737341886e-06
2.0785728592120265e-06
1.7152415419960228e-06
1.4356152550433607e-06
1.4922562315200872e-06
1.6653574279616554e-06
1.8226609552385065e-06
1.4893846944626393e-06
1.950464243623387e-06
1.7027697351902443e-06
1.377962796443782e-06
1.32582498497374e-06
1.9016774867214565e-06
1.6100149942361585e-06
1.4465555841432598e-06
1.6499299547926823e-06
1.972391482173001e-06
1.7959216215303985e-06
1.8747241594298136e-06
1.737590977363807e-06
1.645786955433757e-06
1.43966507215607e-06
1.6574495609807083e-06
1.588480327983304e-06
1.8994624105410076e-06
1.5373764755294979e-06
1.1287447065470967e-06
1.2350301474885057e-06
1.861848978288178e-06
1.9859945497049476e-06
1.5373345098344344e-06
1.6438411989918669e-06
1.98514585253121e-06
1.6201747697597282e-06
1.5840308526266654e-06
1.8119656808406918e-06
1.7509274977385923e-06
1.919484194646755e-06
1.5872909423741565e-06
1.7130785050235736e-06
1.959296157631735e-06
1.8952091401275183e-06
1.5508186030856222e-06
1.4496613575420439e-06
1.2427330265959793e-06
1.5392389794688322e-06
1.5684002808043616e-06
1.4246219386383516e-06
1.7396320556803226e-06
1.4704084446966599e-06
1.7052579329921872e-06
1.613324247708723e-06
1.9097959230680935e-06
1.766538566329361e-06
1.2602079154853753e-06
1.7142400973588028e-06
2.0559036149829807e-06
1.473838922133192e-06
1.5948201353543186e-06
1.5227076568744434e-06
1.5773654560593694e-06
1.672836515044417e-06
1.5267525256424897e-06
1.4954746511571068e-06
1.5772059270579529e-06
1.6175976341767574e-06
1.6309186456549361e-06
1.925693380061201e-06
1.6808041178311334e-06
1.560573209004683e-06
1.7837783174831455e-06
1.4927093844832461e-06
1.5870243303683551e-06
1.6555686637348254e-06
1.8036509165828622e-06
1.4304275089723254e-06
1.6484933663713338e-06
1.3472891909480482e-06
1.53660761080247e-06
1.6858484450980393e-06
1.5212989577006842e-06
2.1125179079202936e-06
1.7151947254358985e-06
1.395042563286796e-06
1.7825989767080293e-06
1.6903207223392154e-06
1.3550983109831911e-06
1.8053412150926256e-06
1.5583479169249548e-06
1.3744067672676108e-06
1.8114846250102603e-06
1.4385380934777533e-06
1.6119874831758896e-06
1.7981758071075611e-06
1.4366602463074987e-06
1.8612691844177163e-06
1.2955492418841808e-06
1.3297906410917176e-06
1.657168074964953e-06
1.5799967783934996e-06
1.2973562148426608e-06
1.5375993199097046e-06
1.7450554350595613e-06
1.5232300046508138e-06
1.6473389078329998e-06
1.7565841355629396e-06
1.3998087065847138e-06
1.7032470611610106e-06
1.6725098840788435e-06
1.7290030540861756e-06
1.6060487168431098e-06
1.4693717242408197e-06
1.7405591306889223e-06
1.7231750626816322e-06
1.7010028724174298e-06
1.4766963915540198e-06
1.6443907816022644e-06
1.6886636946284987e-06
1.3515771771587647e-06
1.247635942856703e-06
1.4955588422061277e-06
1.7116749238768545e-06
1.20654823308545e-06
1.3351979802968315e-06
1.7032065540539195e-06
1.6195448731061156e-06
1.43491843355129e-06
1.4210394689339985e-06
1.915376663348517e-06
1.3681334210449394e-06
1.8274008163779045e-06
1.6920823971918333e-06
1.4189982957385828e-06
1.464926228129521e-06
1.967622890642534e-06
1.436004557084818e-06
1.4455730631076526e-06
1.7676646193052104e-06
1.4283828208806393e-06
1.5093007894583652e-06
1.3471015875606184e-06
1.5376591237991427e-06
1.667268264502126e-06
1.80274332419504e-06
1.563671576317179e-06
1.8594659818531842e-06
1.7153212360376947e-06
1.6202336354417596e-06
1.3316688323822172e-06
1.693140666329149e-06
1.8585002997755783e-06
1.570435703853597e-06
1.8030713623307626e-06
1.73839976523559e-06
1.3805771454891513e-06
1.4431965734136472e-06
1.407654690254578e-06
1.570167167263897e-06
1.4501709394576846e-06
1.7684312791500366e-06
1.602725749767745e-06
1.415776585690383e-06
1.737184545623437e-06
1.7318940164232405e-06
1.8821661113883944e-06
1.693937561111357e-06
1.6073335097543427e-06
1.8076902504368554e-06
1.66669691014209e-06
1.4412606458918405e-06
1.8355816653476945e-06
1.773644319874447e-06
1.4866089885707449e-06
2.1165922957150253e-06
1.3519222144098458e-06
1.4906958921620813e-06
1.6530349547778048e-06
1.4863850239083872e-06
2.0618145789663664e-06
1.2344111579197267e-06
1.86737086709055e-06
1.5856248826862824e-06
1.553758680920733e-06
1.5471113708944307e-06
1.5634208548227508e-06
1.5870278856184756e-06
1.8614858950643869e-06
1.628522831982634e-06
1.5106514297290892e-06
1.6899570423432819e-06
1.7181449815167978e-06
1.6468945738740408e-06
1.469999546617525e-06
1.3504172421852068e-06
1.8695275950103345e-06
1.5849727983502975e-06
2.2576772275110744e-06
1.7270467953306867e-06
1.7019672338543113e-06
1.5016647102638178e-06
1.6231181623564166e-06
2.132481967326582e-06
1.8717005509412138e-06
1.778709422360829e-06
2.0119832899541405e-06
1.4437935325469644e-06
1.6447294491482434e-06
1.7339241971988908e-06
1.542385231448564e-06
1.9133807620036787e-06
1.7282340928477085e-06
1.533803916344665e-06
1.9295799255144235e-06
1.5655283882157377e-06
1.6894563922821906e-06
1.7968073786358227e-06
1.565136754885359e-06
1.8863643399077531e-06
1.891787912708304e-06
1.7146512889551624e-06
1.682791391948615e-06
1.5377522475211294e-06
1.6992290250476214e-06
1.446632807499302e-06
2.046775288867903e-06
1.7627110016776883e-06
1.6139887832720354e-06
2.0026900502556926e-06
1.7825507631916047e-06
1.9934042883475327e-06
1.4859955283010922e-06
1.7659013017832927e-06
2.034404222833189e-06
2.024639351362567e-06
1.6975509875918622e-06
1.8800462884733747e-06
1.7829174969484766e-06
1.875025347829254e-06
2.1189487929700883e-06
2.11427195113469e-06
1.6865404774762837e-06
1.9717249111686544e-06
1.4944207728024873e-06
2.1436686820061347e-06
1.2088803365198976e-06
2.5812235515811425e-06
2.545379702409956e-06
1.2682008452432862e-05
3.2015559118820386e-05
2.1663406565448634e-05
2.0982596078367963e-05
1.8082037670160506e-05
1.0112129511737664e-05
2.6169272974257523e-05
4.43342986005423e-05
9.762113924037017e-06
1.6491832077363444e-05
9.740695914656566e-06
2.189420207930672e-05
3.323901451338757e-05
1.056384301200011e-05
2.609097020202401e-05
1.2935107864747527e-05
2.2658641309714008e-05
2.8210510542563618e-05
2.5268869610305795e-05
4.260555124334005e-05
1.9491426686508676e-05
1.8110305556548994e-05
2.7657550505794416e-05
9.94679653366082e-05
7.226551756583211e-05
4.7332548484370444e-05
1.672241909436629e-05
4.853501751611192e-05
3.781566693932115e-05
4.796601881200383e-06
3.0162406302522246e-05
2.7431312250125894e-05
4.1980727867748144e-05
4.978302319563923e-06
0.00011621957435087668
4.640726491157647e-05
3.159324742780677e-05
9.001828406238389e-05
5.2908059913894506e-05
6.302548102682429e-05
5.100725606117428e-05
3.0468521452928272e-05
4.552489867326539e-05
3.280025831302051e-05
2.941194423858188e-05
5.627048400825033e-06
4.557391852121423e-06
3.846888693247233e-05
5.00669969345826e-05
6.874558753366593e-05
6.874728404385812e-05
7.204560347444682e-05
4.47998211636298e-05
8.089064752450998e-05
6.292418170589268e-06
3.8469647803642347e-05
7.072839455681532e-05
5.37649522240353e-05
7.244105413848067e-05
6.798618234833603e-05
5.224668929616226e-05
1.9613621099928338e-05
6.419735556206769e-05
4.142548830311007e-05
2.1636140639166783e-05
1.7761412929807838e-05
4.337817188827405e-05
5.196991495323315e-05
2.9682886405133736e-05
1.9372713484045432e-05
1.9714754956176135e-05
2.6142469630777234e-05
2.888883997802774e-05
6.274267708538603e-05
6.466442508253694e-05
6.998783565674833e-05
1.2199811148872788e-05
5.615243280217286e-05
4.290576727496148e-05
9.679165900737313e-05
9.663442046284637e-05
8.470047749181131e-05
3.5974567632180766e-05
0.00011061838133714183
0.00012273252757079731
5.975315464940897e-05
7.73674313266151e-05
2.2306566118127853e-05
1.9795302873595926e-05
7.037986801535555e-05
7.374385576651297e-05
0.00010880304837201857
6.456182638785976e-05
9.975989614967285e-05
0.000190315599946992
8.806855067321108e-05
9.761961801241941e-05
3.8473775409451325e-05
4.8338206971080144e-05
4.293524524085252e-05
9.195643862008064e-05
7.958751976340943e-05
0.00015101306160596932
9.275956833160954e-05
6.957152388115654e-06
4.2459901321224166e-05
5.2077984695355985e-05
0.00017476726295692147
4.450541930325111e-05
4.6328543156996174e-05
5.4735571142534305e-05
8.931301801623735e-05
6.572557918626627e-05
0.00010316619851327776
0.0001074980503155033
8.986517342661804e-05
0.0001961259464170917
1.7972519909512906e-05
6.690159320326768e-05
7.97432424950832e-05
0.00013165967149487127
6.98305511578364e-05
6.217204647761067e-05
2.511683508521074e-05
4.4566837244825633e-05
9.33475599864956e-05
0.00016409658879212201
0.0001531833669329735
0.00014724058225547092
0.0003139176254503427
0.00016547660404903671
0.0001594462254019331
7.024535613640295e-05
3.143700275038677e-05
4.872148739831685e-05
1.0100479903183193e-05
4.069585960183991e-05
0.00022190535246720426
0.0001674982073608268
0.00022285930407526142
0.00021193952059522556
0.00022818674556110115
0.00016380870431329853
0.00013899923337309388
0.00011519106049476511
0.00013699520956616306
0.00018980239924218077
1.5905218225682758e-05
0.00010016826029040734
3.954050173870185e-05
0.00023751750752995236
0.00017385472848078915
5.175935792579393e-05
0.0001951586527919811
0.00019442888501728641
4.4287781031155994e-05
7.945622237372883e-05
0.00011292899833144524
0.00010463898968993407
0.00016898361764300517
0.00013242906443158628
4.334334955155155e-05
0.00018946504820834675
0.00017862629273022833
0.00018256145677907166
0.0001554266142687061
0.0002935141670238069
9.046713470031544e-05
0.0001521304788339899
4.517840531956225e-05
9.420490759135656e-05
9.406544848041837e-05
0.00018843460189501069
0.00018787610557819803
8.079641097438053e-05
0.00026038441236424464
0.00037504223852545115
0.0002623417931066256
0.00012588108659275515
8.954772840660955e-05
0.00029175383559383383
0.0004852105019127203
0.000390084676573453
0.00012708328303913608
0.0001339525646704171
0.00018891612655668323
0.00022369572647187532
8.000195978127272e-05
0.0001584965800748163
0.0003476922139873649
0.00026220908281634505
0.00021037217167469221
5.873622071356234e-05
0.0002655102758034776
0.00022518496133129334
1.6706026772163014e-05
0.00029798199216914475
0.0002558648864673789
0.0003136154192547474
0.0002869070965718848
0.00016857341405817407
0.0003360537086430644
0.0004216933439577561
0.00025090307978514005
0.00018437946542001484
0.00046310879859450606
0.00018602872483245813
0.00013849122041996995
0.0007219794720452361
5.397106332570911e-05
0.0006883345139622643
0.00047726953880066755
0.00017043992896299113
4.890559640118659e-05
0.00017978705940835851
0.00013018383532256657
0.00017717288880763883
0.0002141448133787377
0.00017248788152201497
9.847544576877735e-05
0.0005028391809342109
0.00028672314094942055
6.265596683891316e-05
0.0004451258799846881
0.0007907580202367666
0.0005041291398435957
0.000745049296046594
0.0005708538492042
0.0003768763135108963
0.00047914570827282477
0.000759816838204074
0.00038700224986806185
0.0005755636551277025
0.0003910063554179996
0.00029891774972478984
8.512854171570649e-05
0.0006917128452258798
0.0004792438832319419
0.00040809102493053487
0.00025626407489756186
0.0004421348470457517
0.0006532797811495459
0.0001878303964383547
0.0007021463823570298
0.0004933527124070605
0.0002535642693455725
0.0001454700537762475
0.0009604690681032431
0.0007568314928368996
0.0011098957159348705
0.00040356325686802274
0.00016145532151927615
0.0009569503805156707
0.0010319542721616433
0.0002654544917617241
0.0005370151776797026
0.00045846868407928146
0.0006635619847181946
0.00025558416157518417
0.0004214698501244182
0.00023689386179929657
0.00015843163022242161
0.0005006139245768833
0.0015947220935645593
0.0012068014600089716
0.001086800379796993
0.0004369791874902231
0.001540713192441591
0.003740036948715609
0.00037830131737525167
0.0009541263564354724
0.0020686551951366507
0.00043532764910361065
0.0015573332272060564
0.0022152614715891753
0.0008017992155742306
0.002847694982914505
0.0007918265551003659
0.0010729842399173793
0.00026784838629764285
0.0008112886047031972
0.00044060763984644187
0.0005874598655350727
0.0020261452846080364
0.005674727607361437
0.00047256161863678246
0.002048070075577702
0.0013759470772470076
0.000305112346657182
0.0009458812941304829
0.008134154700163675
0.0022370712243938327
0.0012623689599389485
0.004365233893343799
0.001579061318005721
0.0032012345112885222
0.004599514225931977
0.0013762075554647208
0.0030898153013857775
0.006940676095018392
0.000343798888573344
0.0013875657247427934
0.0029539296542513836
0.0020044828550677056
0.002787746700007033
0.0019606297083273575
0.003109300081771252
0.0014087202697232203
0.0037153095033244103
0.0018469831987336796
0.002173656283103245
0.0005252269613792731
0.000250517595877014
0.0005987805647342696
0.013544263650870102
0.002519312245781943
0.0011315203698457179
0.0027356944275714994
0.0017906783138492623
0.000995019180789145
0.014587394480232392
0.006780740703018702
0.001359180457751804
0.001358874388852393
0.003268894996486018
0.006465777104216287
0.02229536175328138
0.02391851343433888
0.0013234303187398626
0.014996217763893134
0.00444900060052313
0.0017708780623503064
0.010814283272079308
0.0052505143931502185
0.03760196570110994
0.05418368377280552
0.004207392959114859
0.010348282563956814
0.018343304215639997
0.0499304644477564
0.0022773108875384844
0.028827188262159045
0.006028704373347178
0.0035682642328846302
