0.000554678753270763
0.014490734361535352
0.006659531495622698
0.01189696896242438
0.017755157000214742
0.009589444866910705
0.009583797043032078
0.006616069498609408
0.006387410573573094
0.0025127864185754654
0.005856523730012535
0.00045256912465856553
0.002320773623256685
0.002155932314285084
0.003066510724790458
0.00026833610531447235
0.0038693603376211373
0.004992728383083625
0.0037523498493339975
0.010530407848800423
0.0011170291518146688
0.0028183875694884194
0.015037214064602896
0.002838013862045201
0.005555067069434908
0.0008598580884713066
0.001827638763127113
0.0030724940035870827
0.0021733181682347057
0.003476200971366611
0.0011780756231677466
0.0028237162363351307
0.0016883689101827434
0.004690980104557711
0.0012773858027326454
0.0009872729163172918
0.0010909950180480485
0.0015193079281773923
0.008163843106830198
0.0028159735060817523
0.0011635489911697601
0.003708191856749174
0.001227026111986547
0.003105152465681357
0.0027773105728534056
0.003394307372555863
0.0034969100143424133
0.007312664764042748
0.0035741622105223826
0.0017287860498827448
0.003209465424000491
0.0031818063693623373
0.001126994319583452
0.0042791999185761535
0.000851031625345399
0.002673856729098837
0.0037384865463209456
0.0018425765371084494
0.0025248154835358677
0.002424477960122146
0.0009157154445814806
0.0019662120297350497
8.347421140149442e-05
0.0019061421744905691
0.0034119744044386795
0.001579061097714084
0.0022453547484888644
0.0029638471860198774
0.0020598311873968574
0.002129027707464388
0.0011051306370320404
0.0034770428448189753
0.0006642152821431899
0.0019331815238771497
0.002063418042855053
0.0009273356794545643
0.00617059969593814
0.0031473549183501075
0.0014280554073793895
0.00040220959671433875
0.002153033281068248
0.002965094740715676
0.004473502254013232
0.002923990142343379
0.0014785902428288995
0.0008821259939664625
0.0009072358097226321
0.0012391563046558905
0.000396241484070939
0.0007975434151534479
0.001064408037651067
0.001137332808705218
0.0012484340466240762
0.0011599133649154894
0.0019091830864388566
0.000587374649604008
0.0015601909298621436
0.001337790842113321
0.00045656998249465425
0.001938388515824156
0.0013525790629957434
7.980739280031792e-05
0.0007152884917079159
0.0012993892649012624
0.0013793292052566573
0.0007466842444009933
0.0013385934860098512
0.001592826841285535
0.0009531659946344738
0.0015828177011914396
0.0006688873849726113
0.0005427948932897842
0.0007043969991794639
0.0007051984310596118
0.0008519439149015065
0.00205907566088509
0.001700827327028415
0.0012814326211824545
0.0021333129678454948
0.0008586091906263926
0.0010434177868793356
0.0010596737394255936
0.0009652555326783173
0.0012386648007432683
0.0018849007656149184
0.0026854030786389984
0.0016616017308330006
0.0013019290687260837
0.0013704153343333948
0.0010441015575834572
0.0012299241911481549
0.0025412633371847213
0.001342085821444512
0.0016421227897897765
0.00032506164618824557
0.0007534034110799579
0.0003687512652340931
0.0016364379298836795
0.0022345945359503443
0.0010949984727075387
0.0013501078750870938
0.0018490903317862
0.00046888078815259123
0.001793234849742627
0.0013071618684833137
0.0008265029654855316
0.0009711163766695251
0.0018374699078468157
0.0005310671975436457
0.0008446466942373148
0.001186246824397919
0.0019395530748132685
0.0005893027186608676
0.001851387235331281
0.002591475714125116
0.000946004401330386
0.00048413505750572486
0.00018665728473106277
0.0006844149284921307
0.0013538740068247247
0.001380328768904791
0.0017557972105674787
0.0013283031378858562
0.001716427812763953
0.001347921182359765
0.0009556393217748071
0.0009006035252941401
0.0008882848163404428
0.0009918859484494605
0.00280947447772953
0.0007531147736699705
0.0017965203967498361
0.00034936253881680745
0.0008390500022324178
0.0006576894271730066
0.0006899319171827935
0.0024308274589011623
0.0006694764328345895
0.001179533751948617
0.0016669897437585483
0.0003849896116698147
0.0016617174909657527
0.0008667213794572362
0.0016643899559863429
0.0004105356210514586
0.0015758749674913272
0.0007961176430012014
0.001517310985163953
0.000972765427461685
0.0005930826075561902
0.00150141557188282
0.0014164249111977669
0.0009589335355042705
0.0002560736751192832
0.001138597256688717
0.0014391473267780313
0.00029729439302346764
0.0010581320961618463
0.0006667056118539904
0.0009826963040873516
0.0007430088988722452
0.0008953866313986547
0.0014221750269321112
0.00040685034331229834
0.00047680287866465917
0.0006061815053003654
0.0011057395356704664
0.00035396117525881497
0.0011541291952951928
0.0006472660798759729
0.0008041976845805827
0.0010474996594373306
0.0005339135146020098
0.0010717201924132073
0.0013183502654859445
0.00044227425329734077
0.001162557442878375
0.00029171296951064686
0.0002894215430680514
0.00044197396590152377
0.0005272654542803638
0.0008298403962723078
0.0007024978410726651
0.00024759053944437833
0.0010332667853524132
0.0004444153658748493
0.00023849275113719658
0.00019745992360637466
0.0005821960748371568
0.0004003299946433146
0.000759223462389699
0.0003312337949569701
0.0012413171126327749
0.0009412706636534823
0.001515894164686128
0.00028896462420546407
0.0007913706975629729
0.0006844830314598868
0.00045074741286571697
0.000823560081910754
0.0008208043618820474
0.0004425409381571027
0.0002581239463660194
0.00026626422823945874
0.00047531572753503994
0.0005837739395229563
0.00033368522913563594
0.0002136424800493573
0.0002282136995214562
0.0005339099764724975
0.0003123786191251424
0.00029720994639577365
0.0008427695274413506
0.0005728861303407936
0.00015371739985229894
0.0005329251130837315
0.0005870981746551061
0.0009039891329537662
0.0005588426595121098
0.0002104910403505871
0.00043190536267016333
0.00027096438971292686
0.0004388278814690476
0.0007321203878647397
0.0005759624924270893
0.0007646436203996539
0.0004319866966634761
0.0005675209809099176
0.0003176600283818174
0.0005537674381874914
0.00016528480939035037
0.0003476967471072251
0.0013119683154715995
0.0004988704427625017
0.00035923167513502216
0.00038703292179955036
0.00012285500456929975
0.0005558881084304411
0.00044504466461902677
0.00047446906394526134
0.0002839380828703954
0.0004922054297286213
0.000584809210596587
0.00027252622808398013
0.0008165478439139184
0.0004015722517218922
0.000658827054039345
0.0005658574217776843
0.0003747178070698998
0.0002828019247789106
0.0006082186292208089
0.00042585935554654474
0.000529419873182694
0.00023618588934139074
5.955609719882341e-06
0.0004431904578452788
0.00024077937998471337
0.00028596638126016517
0.00029126136415188667
0.00026221534120665814
0.0004232762773025451
0.0002262248351535284
0.0003651008664102602
0.0003959797668584069
0.00036363473199451144
0.00042644790246899606
0.0002231503798288016
0.0007846513848595307
0.0004351399638871409
5.30712916509657e-05
0.00020790780917826225
0.00033867300937740125
2.864650463435531e-05
5.504186781348062e-05
9.921203213936862e-05
0.00032046426778356953
0.00030732555871000274
0.0001934591352065764
0.0003097336603815961
0.00024212443030183873
0.00019581328370024044
0.00010830051483574358
0.0001799386515020189
0.00016887789270805765
0.00022482980483468833
0.00019732910537479677
0.00013693574720918429
0.00011786371790268847
8.158888831521818e-05
9.346943767512285e-05
4.790751623910351e-05
2.9742509891560544e-05
5.735549347915145e-05
7.087799077282628e-05
6.863286795405779e-05
7.566012901778789e-05
5.239496606510899e-05
8.629118067353172e-05
0.00010975411098376927
5.218550148014005e-05
0.00010090930118656677
6.679576936188492e-05
6.355296468926192e-05
0.0001467926520849595
4.705435853788688e-05
1.1384257359439627e-05
1.063301688660254e-05
1.2159874348971166e-05
9.268607568443957e-06
2.2529815321328184e-06
8.938822006449216e-06
1.948521893567718e-06
4.970547407543716e-06
8.450063600879087e-06
6.1496722264201084e-06
3.921332807285845e-06
1.4095709974559339e-05
6.93676724930307e-06
1.393646896226912e-05
1.026890621099438e-05
4.132318902024538e-06
3.1051950037790574e-06
3.414150296932507e-06
7.396271376515184e-06
4.175079087375046e-06
4.186202383801345e-06
3.6452928412191577e-06
1.4179255707768065e-06
4.969772654696668e-06
9.774986324884136e-06
3.2380495459454686e-06
7.140726057996057e-06
4.207983656482322e-07
4.60851692478778e-06
1.4233795104868514e-05
1.2551159035791695e-05
3.1844790747430345e-06
8.101393050817162e-06
4.561609475138463e-06
5.915337997228365e-06
6.845662414149323e-06
9.040385079620417e-06
9.095252812963711e-06
3.868057130581472e-06
1.2522990256805442e-05
8.556703282500894e-06
4.592571390536936e-06
5.141379180312102e-06
1.203472815465819e-05
6.422280932917051e-06
3.097443516555503e-06
2.4431028415772224e-06
8.231271451575232e-06
9.871000236305522e-06
7.519767431691187e-06
3.465808285082814e-06
3.280287168586385e-06
7.0711955572142e-06
9.840555186122167e-06
7.4741446924687955e-06
5.713759841089686e-06
7.918866018760104e-06
3.0374371681812173e-06
2.7430373748594743e-06
8.421643590098046e-06
6.179710469679544e-06
1.4186332770317001e-05
4.7446891678523725e-06
5.240923118351455e-06
9.125316986234558e-06
1.192666585963786e-05
7.774792270948742e-06
1.173205361818977e-05
3.31831222421638e-06
2.881129023972532e-06
2.9621086145703946e-06
5.102603289746643e-06
3.830662812976027e-06
1.1257437287515879e-06
4.080727917759601e-06
6.324931692402245e-06
1.0233395023666022e-05
4.480476052115626e-06
3.160428204913603e-06
2.6339025137900276e-06
8.807279462793432e-06
4.713396019328608e-06
6.720845400971685e-06
4.931329606035068e-06
6.782466375705349e-06
1.1692347227825886e-05
1.5268312628688572e-05
3.3045968711061327e-06
9.629252384195859e-06
5.669584455140504e-06
6.853879834541537e-06
8.61109937043892e-06
6.178658381615018e-06
1.1270893994482098e-05
9.648839299436221e-06
3.593306854487276e-06
4.9655258300795525e-06
7.622866497236507e-06
2.6889569463147006e-06
1.2170218322248086e-05
1.1552503305685842e-05
2.0103767728902476e-06
9.05427878454904e-06
9.199514236986877e-06
9.069830585232173e-06
8.375148473509891e-06
2.9977415224103673e-06
5.915245354852953e-06
3.863611001465591e-06
5.067806525565306e-06
1.630882942153155e-06
2.493211386725393e-06
2.5681867235627188e-06
5.524594535089229e-06
7.944383407021784e-06
6.227667252324392e-06
3.08128541510869e-06
3.7326467417642025e-06
4.202004390062085e-06
1.0225808931953607e-05
1.6534955114061307e-06
4.664304392855931e-06
4.039148262923547e-06
8.841139586044748e-06
7.643240983118453e-06
9.691622340430997e-06
4.582182521737295e-06
4.6485915932533155e-06
8.568297037976997e-06
8.343254659860827e-06
7.540851837850881e-06
6.326691321437766e-06
6.0538362979765996e-06
6.02076538271709e-06
9.799438957844478e-06
3.1742199549438693e-06
2.5081972510283238e-06
4.72609835751031e-06
8.582073800952217e-06
7.335027340267502e-06
4.20217849281069e-06
4.7273240031271375e-06
5.023992150143019e-06
1.1032318120263403e-05
6.641662956270083e-06
3.1281643900348336e-06
1.2656568594069386e-05
3.0865722943745917e-06
8.671570136262146e-06
9.994486227163265e-06
1.1061870324953683e-05
1.4632313445128232e-06
4.775687668803444e-06
6.648577258941782e-06
5.717038022060971e-06
5.333351659883465e-06
5.717038022060971e-06
6.648577258941782e-06
4.775687668803444e-06
1.4632313445128232e-06
1.1061870324953683e-05
9.994486227163265e-06
8.671570136262146e-06
3.0865722943745917e-06
1.2656568594069386e-05
3.1281643900348336e-06
6.641662956270083e-06
1.1032318120263403e-05
5.023992150143019e-06
4.7273240031271375e-06
4.20217849281069e-06
7.335027340267502e-06
8.582073800952217e-06
4.72609835751031e-06
2.5081972510283238e-06
3.1742199549438693e-06
9.799438957844478e-06
6.02076538271709e-06
6.0538362979765996e-06
6.326691321437766e-06
7.540851837850881e-06
8.343254659860827e-06
8.568297037976997e-06
4.6485915932533155e-06
4.582182521737295e-06
9.691622340430997e-06
7.643240983118453e-06
8.841139586044748e-06
4.039148262923547e-06
4.664304392855931e-06
1.6534955114061307e-06
1.0225808931953607e-05
4.202004390062085e-06
3.7326467417642025e-06
3.08128541510869e-06
6.227667252324392e-06
7.944383407021784e-06
5.524594535089229e-06
2.5681867235627188e-06
2.493211386725393e-06
1.630882942153155e-06
5.067806525565306e-06
3.863611001465591e-06
5.915245354852953e-06
2.9977415224103673e-06
8.375148473509891e-06
9.069830585232173e-06
9.199514236986877e-06
9.05427878454904e-06
2.0103767728902476e-06
1.1552503305685842e-05
1.2170218322248086e-05
2.6889569463147006e-06
7.622866497236507e-06
4.9655258300795525e-06
3.593306854487276e-06
9.648839299436221e-06
1.1270893994482098e-05
6.178658381615018e-06
8.61109937043892e-06
6.853879834541537e-06
5.669584455140504e-06
9.629252384195859e-06
3.3045968711061327e-06
1.5268312628688572e-05
1.1692347227825886e-05
6.782466375705349e-06
4.931329606035068e-06
6.720845400971685e-06
4.713396019328608e-06
8.807279462793432e-06
2.6339025137900276e-06
3.160428204913603e-06
4.480476052115626e-06
1.0233395023666022e-05
6.324931692402245e-06
4.080727917759601e-06
1.1257437287515879e-06
3.830662812976027e-06
5.102603289746643e-06
2.9621086145703946e-06
2.881129023972532e-06
3.31831222421638e-06
1.173205361818977e-05
7.774792270948742e-06
1.192666585963786e-05
9.125316986234558e-06
5.240923118351455e-06
4.7446891678523725e-06
1.4186332770317001e-05
6.179710469679544e-06
8.421643590098046e-06
2.7430373748594743e-06
3.0374371681812173e-06
7.918866018760104e-06
5.713759841089686e-06
7.4741446924687955e-06
9.840555186122167e-06
7.0711955572142e-06
3.280287168586385e-06
3.465808285082814e-06
7.519767431691187e-06
9.871000236305522e-06
8.231271451575232e-06
2.4431028415772224e-06
3.097443516555503e-06
6.422280932917051e-06
1.203472815465819e-05
5.141379180312102e-06
4.592571390536936e-06
8.556703282500894e-06
1.2522990256805442e-05
3.868057130581472e-06
9.095252812963711e-06
9.040385079620417e-06
6.845662414149323e-06
5.915337997228365e-06
4.561609475138463e-06
8.101393050817162e-06
3.1844790747430345e-06
1.2551159035791695e-05
1.4233795104868514e-05
4.60851692478778e-06
4.207983656482322e-07
7.140726057996057e-06
3.2380495459454686e-06
9.774986324884136e-06
4.969772654696668e-06
1.4179255707768065e-06
3.6452928412191577e-06
4.186202383801345e-06
4.175079087375046e-06
7.396271376515184e-06
3.414150296932507e-06
3.1051950037790574e-06
4.132318902024538e-06
1.026890621099438e-05
1.393646896226912e-05
6.93676724930307e-06
1.4095709974559339e-05
3.921332807285845e-06
6.1496722264201084e-06
8.450063600879087e-06
4.970547407543716e-06
1.948521893567718e-06
8.938822006449216e-06
2.2529815321328184e-06
9.268607568443957e-06
1.2159874348971166e-05
1.063301688660254e-05
1.1384257359439627e-05
4.705435853788688e-05
0.0001467926520849595
6.355296468926192e-05
6.679576936188492e-05
0.00010090930118656677
5.218550148014005e-05
0.00010975411098376927
8.629118067353172e-05
5.239496606510899e-05
7.566012901778789e-05
6.863286795405779e-05
7.087799077282628e-05
5.735549347915145e-05
2.9742509891560544e-05
4.790751623910351e-05
9.346943767512285e-05
8.158888831521818e-05
0.00011786371790268847
0.00013693574720918429
0.00019732910537479677
0.00022482980483468833
0.00016887789270805765
0.0001799386515020189
0.00010830051483574358
0.00019581328370024044
0.00024212443030183873
0.0003097336603815961
0.0001934591352065764
0.00030732555871000274
0.00032046426778356953
9.921203213936862e-05
5.504186781348062e-05
2.864650463435531e-05
0.00033867300937740125
0.00020790780917826225
5.30712916509657e-05
0.0004351399638871409
0.0007846513848595307
0.0002231503798288016
0.00042644790246899606
0.00036363473199451144
0.0003959797668584069
0.0003651008664102602
0.0002262248351535284
0.0004232762773025451
0.00026221534120665814
0.00029126136415188667
0.00028596638126016517
0.00024077937998471337
0.0004431904578452788
5.955609719882341e-06
0.00023618588934139074
0.000529419873182694
0.00042585935554654474
0.0006082186292208089
0.0002828019247789106
0.0003747178070698998
0.0005658574217776843
0.000658827054039345
0.0004015722517218922
0.0008165478439139184
0.00027252622808398013
0.000584809210596587
0.0004922054297286213
0.0002839380828703954
0.00047446906394526134
0.00044504466461902677
0.0005558881084304411
0.00012285500456929975
0.00038703292179955036
0.00035923167513502216
0.0004988704427625017
0.0013119683154715995
0.0003476967471072251
0.00016528480939035037
0.0005537674381874914
0.0003176600283818174
0.0005675209809099176
0.0004319866966634761
0.0007646436203996539
0.0005759624924270893
0.0007321203878647397
0.0004388278814690476
0.00027096438971292686
0.00043190536267016333
0.0002104910403505871
0.0005588426595121098
0.0009039891329537662
0.0005870981746551061
0.0005329251130837315
0.00015371739985229894
0.0005728861303407936
0.0008427695274413506
0.00029720994639577365
0.0003123786191251424
0.0005339099764724975
0.0002282136995214562
0.0002136424800493573
0.00033368522913563594
0.0005837739395229563
0.00047531572753503994
0.00026626422823945874
0.0002581239463660194
0.0004425409381571027
0.0008208043618820474
0.000823560081910754
0.00045074741286571697
0.0006844830314598868
0.0007913706975629729
0.00028896462420546407
0.001515894164686128
0.0009412706636534823
0.0012413171126327749
0.0003312337949569701
0.000759223462389699
0.0004003299946433146
0.0005821960748371568
0.00019745992360637466
0.00023849275113719658
0.0004444153658748493
0.0010332667853524132
0.00024759053944437833
0.0007024978410726651
0.0008298403962723078
0.0005272654542803638
0.00044197396590152377
0.0002894215430680514
0.00029171296951064686
0.001162557442878375
0.00044227425329734077
0.0013183502654859445
0.0010717201924132073
0.0005339135146020098
0.0010474996594373306
0.0008041976845805827
0.0006472660798759729
0.0011541291952951928
0.00035396117525881497
0.0011057395356704664
0.0006061815053003654
0.00047680287866465917
0.00040685034331229834
0.0014221750269321112
0.0008953866313986547
0.0007430088988722452
0.0009826963040873516
0.0006667056118539904
0.0010581320961618463
0.00029729439302346764
0.0014391473267780313
0.001138597256688717
0.0002560736751192832
0.0009589335355042705
0.0014164249111977669
0.00150141557188282
0.0005930826075561902
0.000972765427461685
0.001517310985163953
0.0007961176430012014
0.0015758749674913272
0.0004105356210514586
0.0016643899559863429
0.0008667213794572362
0.0016617174909657527
0.0003849896116698147
0.0016669897437585483
0.001179533751948617
0.0006694764328345895
0.0024308274589011623
0.0006899319171827935
0.0006576894271730066
0.0008390500022324178
0.00034936253881680745
0.0017965203967498361
0.0007531147736699705
0.00280947447772953
0.0009918859484494605
0.0008882848163404428
0.0009006035252941401
0.0009556393217748071
0.001347921182359765
0.001716427812763953
0.0013283031378858562
0.0017557972105674787
0.001380328768904791
0.0013538740068247247
0.0006844149284921307
0.00018665728473106277
0.00048413505750572486
0.000946004401330386
0.002591475714125116
0.001851387235331281
0.0005893027186608676
0.0019395530748132685
0.001186246824397919
0.0008446466942373148
0.0005310671975436457
0.0018374699078468157
0.0009711163766695251
0.0008265029654855316
0.0013071618684833137
0.001793234849742627
0.00046888078815259123
0.0018490903317862
0.0013501078750870938
0.0010949984727075387
0.0022345945359503443
0.0016364379298836795
0.0003687512652340931
0.0007534034110799579
0.00032506164618824557
0.0016421227897897765
0.001342085821444512
0.0025412633371847213
0.0012299241911481549
0.0010441015575834572
0.0013704153343333948
0.0013019290687260837
0.0016616017308330006
0.0026854030786389984
0.0018849007656149184
0.0012386648007432683
0.0009652555326783173
0.0010596737394255936
0.0010434177868793356
0.0008586091906263926
0.0021333129678454948
0.0012814326211824545
0.001700827327028415
0.00205907566088509
0.0008519439149015065
0.0007051984310596118
0.0007043969991794639
0.0005427948932897842
0.0006688873849726113
0.0015828177011914396
0.0009531659946344738
0.001592826841285535
0.0013385934860098512
0.0007466842444009933
0.0013793292052566573
0.0012993892649012624
0.0007152884917079159
7.980739280031792e-05
0.0013525790629957434
0.001938388515824156
0.00045656998249465425
0.001337790842113321
0.0015601909298621436
0.000587374649604008
0.0019091830864388566
0.0011599133649154894
0.0012484340466240762
0.001137332808705218
0.001064408037651067
0.0007975434151534479
0.000396241484070939
0.0012391563046558905
0.0009072358097226321
0.0008821259939664625
0.0014785902428288995
0.002923990142343379
0.004473502254013232
0.002965094740715676
0.002153033281068248
0.00040220959671433875
0.0014280554073793895
0.0031473549183501075
0.00617059969593814
0.0009273356794545643
0.002063418042855053
0.0019331815238771497
0.0006642152821431899
0.0034770428448189753
0.0011051306370320404
0.002129027707464388
0.0020598311873968574
0.0029638471860198774
0.0022453547484888644
0.001579061097714084
0.0034119744044386795
0.0019061421744905691
8.347421140149442e-05
0.0019662120297350497
0.0009157154445814806
0.002424477960122146
0.0025248154835358677
0.0018425765371084494
0.0037384865463209456
0.002673856729098837
0.000851031625345399
0.0042791999185761535
0.001126994319583452
0.0031818063693623373
0.003209465424000491
0.0017287860498827448
0.0035741622105223826
0.007312664764042748
0.0034969100143424133
0.003394307372555863
0.0027773105728534056
0.003105152465681357
0.001227026111986547
0.003708191856749174
0.0011635489911697601
0.0028159735060817523
0.008163843106830198
0.0015193079281773923
0.0010909950180480485
0.0009872729163172918
0.0012773858027326454
0.004690980104557711
0.0016883689101827434
0.0028237162363351307
0.0011780756231677466
0.003476200971366611
0.0021733181682347057
0.0030724940035870827
0.001827638763127113
0.0008598580884713066
0.005555067069434908
0.002838013862045201
0.015037214064602896
0.0028183875694884194
0.0011170291518146688
0.010530407848800423
0.0037523498493339975
0.004992728383083625
0.0038693603376211373
0.00026833610531447235
0.003066510724790458
0.002155932314285084
0.002320773623256685
0.00045256912465856553
0.005856523730012535
0.0025127864185754654
0.006387410573573094
0.006616069498609408
0.009583797043032078
0.009589444866910705
0.017755157000214742
0.01189696896242438
0.006659531495622698
0.014490734361535352
