0.0015623899890497574
0.006105886818244835
0.03607635660594189
0.02445184278090457
0.009702546648886234
0.04838250795139365
0.007316257075366499
0.00580116377790652
0.0016163933678580557
0.005028845965077624
0.008432917854163786
0.002914847998336627
0.0007202185050755923
0.005833545706018717
0.0001950929306746399
0.002853154752348329
0.001564444293026907
0.006163314121041822
0.0043496895745407564
0.0017641629494155643
0.012920316144981117
0.002077870167503731
0.0031901347491032827
0.0050448449814640885
0.001987464801910111
0.0019252364398959479
0.005812293754109056
0.0019358091070654014
0.007551367406444056
0.0032225532847094214
0.007392132499616065
0.002012042989209233
0.009833637088449467
0.007174533379100318
0.004203080114698223
0.009545676768978464
0.0020180192037994146
0.0053708850240424795
0.001624727763638961
0.0016296954399206713
0.005141150186402957
0.0009442924113485517
0.0040088652100893065
0.003688572128164664
0.0017747794869578
0.004525550723615157
0.00337285213939182
0.0015514870022661099
0.001176390973094911
0.003825719175852455
0.002149595837336344
0.007138544899800281
0.001808224053798686
0.002609284311756743
0.0031552457738571412
0.0019184064610523487
0.018276060089098458
0.0018471417403551887
0.002897850390417989
0.006030656379143718
0.008092108344908316
0.0012520055807976659
0.0015158988375820067
0.00567019655245061
0.004692962690212404
0.0019975732812203125
0.0005795834375971378
0.004298873174112052
0.005293798923112898
0.0008039787386345488
0.0009239196875037332
0.001448359916819194
0.0020991241088945557
0.009049153816989177
0.0009286910335013665
0.00032225354426034756
0.0008385743304806656
0.0017882548197432143
0.00138624040265541
0.001340597697865586
0.0031395811960857885
0.0030177674939817355
0.0021628466318529757
0.0018706823603137036
0.0011290534081796427
0.0017474153579761873
0.0008396624805518268
0.001147634467532157
0.0019512028030687315
0.0003537475047617116
0.0018882167832187638
0.0007049424533301368
0.0010201364111305131
0.004270628125302523
0.0007168422788423612
0.0009750608351681119
0.0008394918393880626
0.0006585442473639976
0.001978307816296381
0.001038233921440095
0.0011934005214114783
0.0010650991793431767
9.540813571826117e-05
0.0003703660475226396
0.0008972173525061785
0.001095392597651952
0.0012965246969851775
0.000762297158600713
0.0008500403378624463
0.0003632943284448884
0.0007061070878144917
0.0012085089310524112
0.0004815709927637266
0.0006197988291769494
0.0007052178246278733
0.00038057737519248325
0.0006186472170050842
0.0011101557136033397
0.001273777636728788
0.0004479920048718135
0.00025725916921681913
0.0008286233093700403
0.0003436930459882957
0.0013265482420835055
0.0005092634649107717
0.0018120902002148115
0.0010190265832377265
0.0007717498804091748
0.00019513730063089893
0.0009136820414478543
0.0005152096057684713
0.0005473876161586108
0.0013992897054252483
0.0009424231246118174
0.0006818087788215376
0.0008484360773292823
0.0006274026515025923
0.001024061605518831
0.0007156601926980218
0.00041558179323633604
0.00017912312713248274
0.0006147323444175584
0.0005232562807773785
0.00017492654590575324
0.0006958389532302583
0.0009324838503255009
0.000874343922618962
0.00038861956515235155
0.0003536771824887762
0.0003712332693578608
0.0005399309350313211
0.0003616836946928782
0.0003576092112978198
0.00040124936692874873
0.0004421326168827
0.00042783618039231845
0.00034969186866763035
0.0004603163268922931
0.0008264048317337908
0.0005170560324931907
0.0003023029344518229
0.0005954014390271498
0.000312613782482499
0.00010500893798308046
0.0002985968449259368
0.000532556958575657
0.0005463010682909179
6.499424830927404e-05
0.00036312883129335425
6.444943119261274e-05
0.00014540780052087933
0.0004216160323520791
0.00041732846387541997
0.00048702868663303556
0.0002472514320990411
0.00028438466254730017
0.0003497937848904095
0.0004968100632933917
0.00012365050524572847
0.00036197503740166673
0.00019966036685154664
0.0002993513417334768
0.00015744114703311043
0.0002687877894285401
0.00016451941421094182
0.00025649036566251053
0.00021410946063190502
0.0002036404342608694
9.133682510379415e-05
0.00020944086603489205
0.00029763336991186926
0.00030908058455615477
9.793287089344668e-05
9.864078149866512e-05
0.0002870213248675368
0.000113717091883011
0.00025380086990002635
0.0003220684496056644
0.0005113265328897234
0.00021087895472244437
0.00021991701710817444
1.9137702689813905e-05
0.00033828506659223413
0.0003819418093927164
0.00017072873561341947
0.0002590797995036992
9.99604660846196e-05
0.00031808271706013644
5.2517773148291325e-05
0.00023604655984073953
0.0003428286694041234
0.00033537783028772284
0.0002050388435025601
0.0001505040472425471
0.0004441653216852377
0.00038855933034169434
0.0002868317500834459
0.00013611717251085605
0.00012605201803890778
0.0004340280131672921
0.0004769703481213266
0.00011424739686307099
0.0004928537576834735
0.00039964465722809714
0.00029444436887646484
0.0004359235650219884
0.0001739902550793663
7.882799362110118e-05
0.0003537377978905013
6.818511069211113e-05
0.00028561710544990163
0.0002779754686168908
0.0003746855249301742
0.0004215894353131041
0.00014065813081707288
0.00028346986346123427
0.00016634489310065283
0.00024303497010721458
0.0004420814832954013
0.00016436350149511009
0.0006920426003176909
0.0002310445312525222
0.0001434566302166902
0.0002606972470611911
0.00023670913363868748
0.00018903614677892244
0.0002808998454816819
0.0002513570923818114
0.00018126470252130772
7.124567802072183e-05
0.00017260030927408664
0.0003025726850172069
0.0003000800769644468
0.00023799116926391035
6.84024245652636e-05
0.00022868593369132495
0.00010136584366995566
0.00023309128115605508
0.00012787260296397723
0.0001956145640490254
0.00029241791290299403
2.9303894404222147e-05
0.0004321749357298388
0.00010996632806351922
0.00023810200025068916
0.0002647069654560629
0.00023781059431067882
0.000269012430967075
0.0001662522903705817
0.00015581160278160342
0.00016339401512544644
5.4056621530263195e-05
9.911303069159397e-05
6.528525969428242e-05
0.00011809059283859244
0.00013827991348758055
7.458940580289244e-05
0.00019753180701222596
0.0003209082383667727
0.0002722527285936624
3.199597670380222e-05
9.692543728162101e-05
5.495003099946688e-05
0.00020827529798076559
0.00014007812307556953
0.00012456251671696047
7.11278511529867e-05
8.506531679037217e-05
0.00010322845103907251
0.00014026750896836264
0.0001777855473998363
3.370213757246259e-05
4.607707637055583e-05
7.153989259019237e-05
0.00011743800013634422
2.7809636369308646e-05
3.7143021817822966e-05
8.393414693483233e-05
0.00011293202255178833
0.0001775793626947083
0.00012514465832913547
0.00011905685796055798
4.510217908130791e-05
0.00011311788285572107
4.8815363981940114e-05
0.00013991033118883182
0.00014488332938083554
8.336458459815555e-05
0.00012463079096480825
7.755558127992205e-05
5.089771154356183e-05
4.608528157184843e-05
3.5699786917667074e-05
7.120736057532598e-05
8.420495705663171e-05
9.824184533038128e-05
7.381346940709213e-05
0.00010506870371420409
6.230271653694344e-05
2.9544312132253536e-05
1.61022988494986e-05
7.91802820903709e-05
8.709255832198955e-05
4.101216047130757e-05
7.497199969358762e-05
4.8188445281487863e-05
1.1697318011064012e-05
6.823967592403523e-05
0.00013403057814830645
7.113689930645959e-05
8.251428689602883e-05
2.0647769368228537e-05
8.33194256179017e-05
3.490425766614544e-05
7.646877940025607e-05
6.5670280994106e-05
7.086695266999021e-05
1.6138920100464766e-05
5.545677849897708e-05
4.440595682099311e-05
8.210819794041255e-05
2.352337281599042e-05
9.741242911468614e-05
5.980486714469451e-05
3.427360856055258e-05
1.5576311913942142e-05
8.766216307601036e-06
4.000526413917231e-06
8.250315400966099e-07
2.210654329426263e-06
1.4546213782241438e-06
1.2235288962278822e-06
3.514383868947849e-07
1.017315516610586e-06
5.936701782564598e-07
5.967208034804594e-07
5.824001485953061e-07
5.928377381099689e-07
1.9360019211287658e-07
4.84314088122341e-07
4.778565309571219e-07
8.867026905569416e-07
3.975159074604557e-07
1.2898350824793191e-06
7.243853162377887e-07
1.200398529064943e-06
1.4000547440802001e-06
1.0084401824445e-06
1.1511804752051038e-06
1.3931903605648708e-06
7.762373287766955e-07
9.122356298781242e-07
4.244216991296179e-07
9.389751263496526e-07
1.0523650435025548e-06
9.739048897750777e-07
1.8346989255054464e-06
1.3122010276555865e-06
5.682177589060167e-07
1.0480083943640845e-06
2.2694189632657534e-07
5.196160170791588e-07
7.002417934132204e-07
6.564214172231981e-07
2.906432190868401e-07
1.3761617356436612e-06
5.546133121294183e-07
1.1714545161796228e-06
1.104794686818243e-06
1.905493994690188e-06
1.6841517650578567e-06
1.7189006581963027e-06
1.488050284457422e-06
2.2834986715188866e-06
1.240475371574935e-06
2.1818003605450365e-06
8.44058001290115e-07
2.596186292131422e-06
6.850862007738156e-07
1.4166274928411443e-06
1.2757256079927522e-06
2.398256931555912e-07
1.8609930517707658e-06
6.337938535995724e-07
1.887616675664475e-07
8.462238738803472e-07
1.124078632966452e-06
1.6812492154562903e-06
4.347939932749576e-07
1.104083574604418e-06
7.938519322243496e-07
7.946683101420814e-07
7.972053118452302e-07
2.949543291711013e-07
8.95739085884172e-07
2.144160147432382e-07
3.8994624711544594e-07
9.081441991188794e-07
5.531357756751192e-07
7.836304818389938e-07
7.036553681000674e-07
1.462859738306724e-07
1.1316958128163741e-06
1.806876297603733e-06
1.5629733061171375e-06
1.2323094482356285e-06
8.195634973499831e-07
6.397487502545314e-07
1.407981443761683e-06
8.599366066964303e-07
9.654461001368096e-07
1.1815589523056476e-06
8.824349679393298e-07
9.175631747838984e-07
6.718397087616066e-07
1.0892470865304978e-06
8.655223736472814e-07
1.7168583964005544e-06
1.245086289852731e-06
1.2283610054462249e-06
9.26259378577586e-07
1.909738259886368e-06
5.56448889119194e-07
1.2571113269806363e-06
8.323978732910217e-07
1.348419901050106e-06
7.106291328943534e-07
1.7961206957247848e-06
7.029498801815996e-07
9.47790317122583e-07
7.175931372841133e-07
9.086000699001667e-07
7.68376303458246e-07
8.947286770225961e-07
7.575020979972745e-07
8.650439546299029e-07
1.2599646575264225e-06
6.522950670693341e-07
1.2154466704962319e-06
1.169925276026306e-06
9.355667354485189e-07
1.2011421141105119e-06
8.815191201465828e-07
9.961011264245242e-07
7.350475262528382e-07
4.6317112255358344e-07
1.9019821754303078e-06
7.202734708102283e-07
7.55945208862751e-07
3.2749010210564897e-07
1.0824841611031437e-06
7.065725732674628e-07
9.991694779346295e-07
2.9116969388119784e-07
5.399286980798301e-07
1.0485630355784783e-06
9.93984124591488e-07
6.829102827772959e-07
1.5676338341522404e-06
6.03258999086858e-07
1.7428980294374282e-06
1.1088266387150444e-06
3.332033639681355e-07
6.923405595153915e-07
8.096837955508064e-07
3.7794494065984775e-07
5.443469963187341e-07
4.26204286211209e-07
1.3339277628735861e-06
1.077131439097698e-06
3.6659683977209614e-07
1.2719570595102025e-06
8.480528127041899e-07
1.3339201953050428e-06
1.6876801989423215e-06
1.6707457423094606e-06
9.174727257676819e-07
7.18702802490946e-07
1.2020942215399627e-06
4.025681945189351e-07
4.1539229308908327e-07
1.5146355088862403e-06
5.411313879115982e-07
1.2496956808373036e-06
6.592342252253546e-07
7.470360714852546e-07
7.579428317999113e-07
3.750857390683553e-07
1.2297461806098109e-06
1.0802147781617753e-06
1.3099771048639142e-06
1.2639583297796439e-06
1.082463707064489e-06
4.823034006677722e-08
3.9660819955795504e-07
1.500496811334753e-06
1.0674907601366824e-06
1.3160269224819391e-06
8.335837371303613e-07
7.391600056911459e-07
1.185791339152419e-06
1.451468862491818e-07
1.7706183767273593e-06
8.905858816732627e-08
6.505484678228545e-07
5.472262404087538e-07
1.312182210384206e-06
7.941720080721106e-07
1.2925040994265724e-06
1.1377805303615999e-06
7.568431051444203e-07
6.3134901733289e-07
3.8225071059819733e-07
9.19191109211864e-07
1.6094352755213572e-07
7.450157673253759e-07
1.0158297955430951e-06
8.341860146337521e-07
9.899634947578164e-07
4.504249757349002e-07
9.408757602884993e-07
3.661338480978886e-07
1.1377213599425812e-06
1.4477359475227396e-06
6.854743533711407e-07
1.527232758282272e-06
5.013852284205646e-07
8.761902689412235e-07
5.268294135461849e-07
1.24093104887389e-06
1.1812733752036779e-06
1.7900889604367518e-06
1.0152590635248052e-06
1.4307792823877197e-06
1.359760497991864e-06
7.64794516989603e-07
9.811563292648347e-07
1.0643366511540594e-06
1.0878586003981652e-06
3.168306453538196e-07
2.1581136675305152e-06
7.231652540510328e-07
1.1850200401320367e-06
6.159479057450554e-07
1.5051182833119706e-06
4.4873294976746275e-07
6.658239607452923e-07
2.6420751993849976e-07
7.839385887517452e-07
2.3396769738227985e-07
9.031926957302411e-07
9.427151339830761e-08
1.7031093816621764e-06
3.142850075250193e-07
1.8674660469458732e-06
6.620722836397552e-07
2.8304421458064327e-07
1.476231869756909e-06
9.70258496158703e-07
1.5968131901014632e-06
1.414368832761745e-06
2.0445408464459183e-07
7.001031536017254e-07
7.279584861664549e-07
1.2461553094308673e-06
2.0914221520322286e-06
7.783058271331128e-07
2.0687973423763167e-06
1.835109156712337e-07
1.8737488360458788e-06
1.075906179483531e-06
1.1343776335187617e-06
1.1877510974493622e-06
9.464351994861221e-07
1.708398382519437e-07
6.003705359923247e-07
7.402561060670252e-07
1.2882066666088118e-06
3.755542486770041e-07
1.8649126798265357e-06
4.220200539739542e-07
1.2970941596950409e-06
7.728034486210815e-07
6.5738184044913e-07
8.334713979727971e-07
1.7632956243755049e-06
1.0966008574104601e-06
1.7295599228149474e-06
1.0755353744128728e-06
6.980500034466109e-07
7.789681270838807e-07
7.208726733851513e-07
9.112117402576369e-07
4.347490246989255e-07
1.3715063621007962e-06
6.614562671560281e-07
4.366177892659154e-07
7.768054409367323e-07
7.963105045521698e-07
8.446298163592285e-07
6.449339074631701e-07
3.8779596559004505e-07
1.3251328260203765e-06
1.4871089404518734e-06
6.546595087005501e-07
3.666996634770183e-07
1.1512768135733163e-07
5.082528137517132e-07
9.995307196009801e-07
1.1163351836030805e-06
9.640828589112417e-07
9.471717032766356e-07
5.215143350354911e-07
1.567846018818782e-06
1.9250830330505274e-06
1.976175794273962e-06
1.2528914066886406e-06
2.028951274600259e-06
4.954153134974311e-07
1.3568850200750265e-06
7.299635956613165e-07
3.0120935185895603e-06
9.752196296379451e-07
1.3634481257166254e-06
3.931223512642283e-07
5.213217816485033e-07
6.779240166700343e-07
6.927972439615079e-07
1.1370837097524162e-06
6.874128362793725e-07
5.702592559436094e-07
9.71506014729263e-07
3.821934045314213e-06
2.4626208417135614e-06
1.7614020257759084e-05
9.115225048287e-06
4.182202681425377e-05
3.727462263759987e-05
7.80851562750459e-05
4.7389660997663725e-05
5.238161681584152e-05
7.509003348837344e-05
9.912272831609281e-05
4.520986876681409e-05
7.69140583169977e-05
6.122946396105284e-05
2.3040400008592686e-05
4.883499732195737e-05
3.9600222016156334e-05
9.236471856585426e-05
8.052501873631096e-05
0.00011297450339571963
6.787118521078421e-05
7.197935073766749e-05
0.00016483713424426914
2.48617737255563e-05
3.6529267087508016e-05
5.721820611235313e-05
1.4201045147765165e-05
0.00014102368695225162
8.480805502207304e-05
7.16184084332864e-05
0.00014456566443056553
2.761118680760449e-05
0.00016229142116387914
0.000102938923050623
8.753662155659535e-05
1.3280200705699397e-05
0.00011767201063980797
8.377688521692476e-06
5.384470013027972e-05
5.046756383552481e-05
0.00010729035974792219
8.45670001430839e-05
6.350112737816455e-05
5.1227026291407185e-05
9.528078579037175e-05
0.00010277938272796019
0.00013616685429589727
0.00011519580063147469
7.8925954400502e-05
0.00016263206206610015
6.792978207742929e-05
1.7710588336735912e-05
0.0001834440808247912
4.721798188578542e-05
0.0001705313679623993
9.994250353192457e-05
0.00020155217857834577
3.243934985810178e-05
0.00010751631238741065
0.0002769319292093949
0.00016719866672893643
0.0001785187908727391
0.0002518835649112791
1.6071064890024182e-06
7.983779962591251e-05
0.0002160162300143511
0.00016075077757711034
0.000223662076461651
0.0001879434971271646
0.0003082911422566265
0.00016505515746425726
0.00011024936797187172
0.00018270053336235162
0.0001822060147200526
0.00018341414504614888
9.466669465531972e-05
0.0001697241808468614
7.277500948181997e-05
0.0001119938008761813
0.0001048086810467751
0.0003020366703926504
2.4586996337489777e-05
0.0001605149371164254
0.0002757623286162519
0.00012628224365777592
0.0002633411070730509
0.0001480791462537381
0.0003099159532137046
0.00025651151572074753
0.0001569335023895523
0.000144156614722873
0.00011161828097657222
0.0001583945553326562
0.00038477788474679643
0.00016085577902169573
8.955052059159016e-05
0.00013935763766755757
0.0002782705439801744
0.00017072580043183048
0.00022066215620583927
7.560365207648104e-05
0.00022601881433468384
0.00015267224613583065
6.162967754047528e-05
0.00023366615335130428
0.0001617891298202256
0.0003771377330088181
0.00029479268074686913
0.00019474664462265488
0.0004302201265720779
0.00018651799774258772
0.0002734668045039213
0.00034280713931263693
0.00029279463878503553
0.00011757786516410255
0.0004975332618949204
0.000274180689068098
0.0005724876848571344
0.0005187816535445551
0.0005347920655210416
0.00016003946339551784
0.00048426527794809444
0.00011169803694371015
0.0006827837540972124
0.00034485989794166085
0.00039185985084707177
0.00035242169048363474
0.00015242256942890533
0.0002173511255048263
0.0001167076260018456
0.00021582271816551494
4.902600280718971e-05
0.00016145472173514428
0.00018152206738891066
0.0001792650096251186
0.00010008761994777178
0.00024323060904513958
0.00030186005573620784
4.753218122451865e-05
0.00046010095116179545
0.0003811728085080332
5.585894141355347e-05
0.0005797725909211737
0.00011345573382652585
0.0002886815920468326
0.00011718144786773877
0.0004864036974814486
0.00022005812703111233
0.00016932734286368825
0.00029023499575592693
0.00028169763391555907
0.00044813511710221026
0.0001876951093680747
0.0002452732674775339
0.0006390147151895564
0.00010191039964153467
0.0004811017835708912
0.0003864045236056264
0.00029021365845030664
0.0001953673560661885
0.00012679886998894456
0.00019040159900735718
0.00031800866361283807
0.00011440683368342041
0.000250580952712009
0.00022560779593857295
0.00017700414719615286
0.00036931231945506993
0.0001279501430013395
0.00037123349171159457
0.0004834408666209237
0.00034206011246141116
0.0002145034936791562
0.00011394976489240751
0.0002650821221924456
0.0006402463234547634
0.00014188590202529085
0.00019124389591347688
0.000565547749350204
8.642157683610258e-05
0.0002892796787170716
0.00033218462175768485
0.0007111980513893428
0.0007100734844209948
0.0002966143492778218
0.0008561756752682078
0.00038486813727379293
0.0006817519549412336
0.0003883482954096309
6.824104523805581e-05
0.0005132041106120248
0.0003150004027644295
0.0008303824468215437
8.285800570115458e-05
0.0005281473606826213
0.0007211513883278054
0.0010672126627418242
0.0005380798574259074
0.00016561405216461688
0.0010674783304247476
7.294757056637533e-05
0.00022180427783128975
0.0003858327149417348
0.0004310583477837764
0.0004507209797266323
0.00029782317184707776
0.0003503726704012658
0.0014259174522242026
0.0005919021393431489
0.0006053611157958818
0.0003249144403039434
0.0009027349329661504
0.0004760893146623003
9.48335060262959e-05
0.00021839814278096974
0.0004572894079969067
0.0006595429531789517
0.0014024183308006413
0.0008370912102365881
0.00013045545389676452
0.00033685969035198565
0.0003464517899100435
0.0008970106470441126
0.0018728606170526694
0.00013399582556385099
0.001324091890084166
0.0010816800007456436
0.0007960892150478966
0.0005142286806240718
0.0009925129782345588
0.0006594064050884496
0.0007095198080602685
0.0008532533231521422
0.00035310515482736863
0.0008881338407476427
0.0008362954806748362
0.0003733522153683673
0.0008780926689859836
0.0002809201804275754
0.00040218781110682345
0.000666591642998429
0.0003571808334473952
0.0007993991169547723
0.0019505667260951312
0.0006293477190271902
0.0005820826206589115
0.0022064763397914022
0.0029912144642627956
0.0010737249981953795
0.0006070002435352857
0.0017892032226167183
0.0005677333929186876
0.0005805489856940673
0.0012059529290994098
0.001272748445918676
0.0014152868197359106
0.0009517897811253043
0.0015636831394885648
0.0019289791760989572
0.0025643677499796315
0.0016618236924237403
0.00044712367377278535
0.0008616981274317274
0.0007945501251871828
0.001229281177016158
0.0009846397522857149
0.0012631041008036084
0.0010047450011757713
0.0026422831219765144
0.0036211412662101113
0.001507693963948377
0.0017163666879885966
0.0015636273096276178
0.0019599607314280945
0.0009794605318697968
0.003390907425140407
0.002161828297375725
0.0022401620722463356
0.0009004968447494576
0.00030102215944814085
0.002363833584548934
0.003554750653211151
0.0028202052774398247
0.0042305213213414015
0.0009505592076589291
0.0017250109669090605
0.003838030966388112
0.0016204960314861784
0.005513363739244577
0.0053964961078614825
0.006801526587758977
0.004037536152944599
0.00975121717124388
0.001654063029267453
0.002952713136050985
0.0004211929813050912
0.0016947276496865797
0.0030442941661692033
0.005044980423876008
0.0023488001559656383
0.00020941611200192943
0.0008751780396696868
0.002620543169244709
0.007373976320127033
0.002330439004108265
0.0015764113606858096
0.001762522942868924
0.0017958783223605993
0.007578267373464823
0.00408007584646378
0.0013358638154654585
0.004834509695376813
0.003320085949840776
0.001972206342920083
0.009388117620922046
0.015074406022007264
0.0020629815290537047
0.003023099873761761
0.003966599422867018
0.0016532645183697822
0.01290914204641685
0.010530395739808235
0.0022518782659868854
0.001505929394299905
0.0017955188113742862
0.0012140499692729167
0.0005493012603303369
0.0017047245672693952
0.019327691601497058
0.0009992493762229983
0.007293652948469366
0.012998648620224254
0.003404042776167816
0.01011843426235413
0.001334117058264679
0.004352391788849169
0.001065156769759636
0.005535460042922209
0.007478924885292652
0.004675020970491528
0.006806404489063371
0.006733490978165388
0.001918302129940874
0.019814684425320132
0.005379385947501304
0.020226993308184314
0.030815078888167535
0.007182271356831235
