0.0013300029242366642
4.892787480029398e-05
6.581921850460218e-07
5.582017675224035e-07
6.294599034403485e-07
0.0001119345473137775
0.002188348498030223
0.0001304116566756013
0.00018695950038263636
0.0004979754902319836
0.002742471977804931
0.0007698001405984202
8.946752131636696e-07
0.0029520256075405474
0.0005159151231313275
5.162126226785088e-07
0.0017512916946399934
0.0020844920146453044
4.281464607433044e-06
0.0040865708054457954
0.0005552679024808876
3.825118343297678e-07
0.001076470361594882
0.00035925699162907623
6.891024517129168e-07
0.0008579600744187122
8.296218595267467e-05
4.044244681465495e-07
3.3188391414017044e-07
0.020214353115426343
0.0004746592657076977
5.595614746908922e-05
0.0014235040682077445
0.0022626486285348157
0.0007426726337327853
0.0008349410462813072
4.3134669292030066e-05
0.002026547246981979
0.00018036240395354083
8.996569177181652e-05
6.321270874943966e-07
0.0004672132309471527
0.0016723315641242922
4.0572160234596436e-07
2.4816718137616316e-05
0.0020757086099092333
0.002164805010170746
0.0014503502351437935
0.002869204005502751
0.00027151308934100847
0.0034378715063090844
6.55317981385186e-07
0.00016627680642247858
7.944373730123361e-05
0.0009619617198946811
4.6588610864181043e-07
0.0009827472814483956
0.004561822207808453
0.0012156227468737328
0.00012733964808834863
3.026713400333763e-07
0.000113253509283184
9.756488704297881e-05
7.002767769946589e-07
2.865922551256947e-05
0.00049754371348894
0.0037949507327894164
0.0069384034143187365
0.0018520669673722026
4.2088480774408193e-07
0.001453084882818799
0.0001643836694908324
0.0010105919906102235
9.054757553976689e-05
0.002263660516412711
3.950736209355692e-07
0.000162970247506754
0.0005910351878774455
7.216428667831811e-07
0.0008098667615716017
0.0035827464089013606
3.98795663043182e-07
0.00047737378513551055
0.0009441676205439917
0.004001316102155428
0.0018405914485588063
0.002193308769240814
0.00014931661322882287
0.0005763175387014368
7.899659238248324e-07
5.296085466675096e-07
0.0006944613505096175
0.0011733776002410398
0.0027825281934854094
4.2862600734070917e-07
0.0028467453949469934
0.0003228219941503004
0.005543460801418741
7.561391967325093e-07
0.00029394818737301645
0.003446843166840606
0.0014658944448645646
0.0029118766248549025
0.0002648066386118903
0.0015659083306044297
0.00013141520860186548
4.365027047848157e-07
1.5951447139903707e-05
5.714491872166751e-07
6.959070708227437e-07
0.001700464082549587
0.001440461028169936
0.002405936071718092
3.9224891753905634e-07
0.0011606792274383953
0.0016131915743709249
2.8027707358825405e-07
8.657580847301008e-07
0.001126438957886629
0.0002593665201932247
4.907048470342301e-07
9.925554555712038e-05
8.089336764688815e-07
0.000306027984376895
3.0906863953570725e-05
0.0026302967171083955
0.002773950052708595
0.0005585138159775093
0.0020544772334966993
0.0004581585852741926
0.00012180876060652898
0.0019043132595709972
0.0015065457975848206
5.660004635771498e-07
0.0012458040630291872
0.00039302839751589793
0.00020685723915747154
6.003982501123357e-07
0.0003668996964270608
0.0006022109344351293
8.577794694925221e-05
5.205837837347114e-07
6.598619122396115e-07
5.780592233188653e-07
3.260236351007682e-05
4.342407639164516e-07
0.0010040018181261357
5.123559262278639e-07
5.342492453207729e-07
0.0012138943982101117
0.0014868259090355842
0.004043574813220506
4.579283442653202e-07
9.996957363324502e-05
0.0006000902652259511
0.000627307484690805
0.0006784854741357283
0.0026363154100892436
0.0005715972778883271
0.0001604717612760015
0.0012291078258554106
4.5849398596403184e-07
0.00014311701196550506
9.619329174346819e-05
0.0016279462974888713
0.00043464740066643414
0.0006982035522908703
7.199593641470494e-07
4.813112445179309e-07
0.0003761448337673775
0.010345227819551701
0.007289057634869759
0.0010092623393037402
0.002507595136475504
0.0005004060608327711
4.237583493205429e-07
0.002162318007855151
0.0003712767287983492
0.0002656124189850838
0.0006073614324573861
0.0006105490899215409
0.003603800644788951
0.00020251474064517872
0.00026269628864644765
0.00022051649967204796
5.620157131062019e-07
0.0006493009227553645
8.44837961238923e-07
7.228950726042333e-05
3.3909840519352884e-06
3.961901495567953e-05
0.0009450269417209284
1.3809200841896465e-05
2.815597176352962e-07
6.395200182434519e-07
3.6067205576465577e-07
1.0012720286474856e-06
7.165220708361696e-07
0.001118045138579517
5.565515501055233e-07
0.003932702738276491
6.312689530211316e-07
0.0007163047900194808
2.7058859657483617e-05
0.00011568872736605433
0.0075539057025196055
0.0007712375696434777
0.0005173221091826807
0.0021901761342527125
2.926575240157158e-05
0.0012250637407103997
2.991545875465059e-07
0.005057431470701219
0.00021644532934471278
5.015057158055802e-05
5.924839627284827e-07
0.0035729798651305644
0.00014784067715485055
0.000247644471619864
0.0037586588639709293
3.444312748158783e-07
0.0008030408917250532
4.17762559267985e-05
4.4612663539697735e-07
4.949469909837233e-07
6.289887810405264e-07
0.0036102158571066196
0.0007041653551543742
0.0010958465183690442
5.587627531771256e-07
6.99995607540831e-05
3.72658346298271e-07
0.001298307502851319
0.0007017914161712162
0.00012709071606121797
0.00011853119166467684
0.0006560961022440513
0.0005095173977948135
3.4818377739488054e-07
0.008261215445249255
5.660436181877679e-07
0.0023187420804168515
6.108952831317182e-07
0.0002381146385306078
0.0011066142082047285
0.0006286874777760648
4.881051005439947e-07
0.005514207973237535
0.00041489594826470865
0.00029671608477137247
4.0966132572438863e-07
5.181157031213887e-07
9.249701758026188e-07
0.00035902417050528464
5.266968587012505e-07
0.0022240602186288753
0.00022887183207908642
5.057445390199649e-07
0.0003451308949098947
0.0005877436549445846
0.0015219474574591529
5.7366141323874674e-05
0.0020422547568607094
4.988086297543936e-07
7.459863182755265e-05
5.693148846805033e-07
5.019972815699704e-07
0.000657170690314148
0.00031911884833835515
4.016808576142861e-07
0.0003108293613168959
0.0001363908867082504
5.387450691059091e-07
3.172254089048317e-07
5.263090985917887e-07
5.347844593890124e-07
0.007495891126250146
5.6979080713791104e-05
0.0006063569433906534
5.107638653418727e-07
5.571057235981524e-07
0.00010215332668678683
0.00013791161207025657
0.0023497991635178395
5.93149821454025e-07
0.020770862585094772
6.3155721588723e-07
0.0002823096522843884
0.0025371337946564383
4.902974948643374e-07
5.043749923684663e-07
0.0008414936450436088
0.0006855534405291684
0.0006172675550665335
4.947202987181147e-07
0.000844868672041344
6.236863507309193e-07
0.00012301557573238383
0.0020177237450535886
0.0010921027030871113
2.3977824728493602e-05
0.0013205794421930204
5.892286157750813e-07
0.00013433834531842664
1.5836094750174143e-05
0.0006126423694707468
4.661730923929274e-05
0.011253362300578622
5.478856577480504e-07
5.588015756621176e-07
2.8475092048481546e-07
0.00011956166210771681
0.0001562423790625144
0.0015860150583362818
0.00045083370874821434
0.0001471650212390974
0.0007967821048849603
5.5100642028123676e-05
0.0002789507705610506
4.1547805347252494e-07
0.00010517954777981565
0.008625221714386976
0.0002754221166936137
0.00019848359335648675
4.869382068966358e-07
0.0004909792220607351
3.145573837064646e-05
0.004837779592828548
0.0005332940539888335
8.358170630085202e-05
3.969314100214401e-05
0.00044660749899285356
0.0003872765609422586
0.0009206959440172129
0.0009758432497810315
0.004101072150987581
4.752089320965327e-07
0.00013071368167839228
0.0016799416282124032
0.00027178939603523996
8.739160850721383e-05
5.364799166881621e-07
0.002273615508103119
5.97639095532225e-07
0.0006380520428109215
5.427738171868494e-07
4.509880957178683e-07
0.002763825289866529
4.53874071397868e-07
0.0004601164228992472
0.00034000210215093214
5.505303903034707e-07
8.749371885178178e-05
5.265193844777402e-07
6.310928169505469e-07
0.00033165870669858423
7.047934514102783e-07
0.0013464543980181262
0.0019192364712321932
0.0008578899569650584
5.867183124221682e-07
8.567407300671523e-07
0.030786904761192193
3.724084024547553e-07
0.0026986581118492816
0.005305674143365124
0.0007757798136962603
4.609839053398205e-07
0.0007605346192880441
0.0004599489375833788
0.0004917906652861766
0.00021496452697169146
0.0012639222902393553
6.254333607429064e-07
0.003950268967343479
6.055281191827578e-07
5.290326443300966e-07
0.0018540390732454193
0.0017401589228246798
0.0007195116714801
7.063028705684879e-07
2.4481568334252366e-07
9.2346369488371e-05
0.0043370327385020635
6.20955555911258e-07
0.0011030495345510328
0.00032627729106417713
0.0006835582417300154
7.133291043987371e-07
4.70826832755718e-07
6.750683742387032e-05
5.85901905679942e-07
6.667703291026011e-07
5.450774522536462e-07
0.0001600306967575113
0.0020089291434132067
0.0006997268969148043
0.003765583736153303
5.173175213762596e-07
0.0003235236121582656
0.0003214668176149681
0.0007165301229993497
6.243789361817294e-07
0.0013304094992284401
0.001140480179099934
0.00012490374463406008
3.289682341626295e-05
0.00013120955130470932
0.00010410173175956418
0.0011429184007357947
0.000988980515214421
0.0006427876472151732
0.0009301663021062405
2.9372265563869043e-07
5.469722570620413e-07
0.00011834587691796278
5.9940540942445e-07
0.0002511858896620078
0.0008404288200282969
0.0015294341598768083
5.370692947403783e-05
0.0012641512427580548
0.0021023361441841206
0.00396594736089708
0.0009573362130070088
6.087663602498461e-07
4.826613826128809e-07
0.001776011502773865
4.4284937991955696e-07
0.0013892709304026828
0.00023113321576641278
0.0004334159134750062
6.304673598788213e-07
0.001653602026028867
0.000376865273291397
0.0009866583324837257
0.00018764630590474552
0.0004417262165207344
0.0009170194362648372
0.00038108405357714685
0.0004540763329171289
0.0003328300781610241
0.00496214473620725
4.708835927421843e-07
0.0001626295372876973
0.00045516164521656853
0.0007896908642308609
0.0007375665185256474
4.943095383682898e-07
0.0005227868303706643
5.584641947160873e-07
6.373184243220835e-07
0.0019187935773995251
0.002246944275478179
0.0010566224023538181
0.007277821358241874
5.896781950654108e-07
0.000286917474885262
4.601007776697808e-07
0.00016983567037596168
0.0007594701509065264
4.71225895981916e-07
0.0005585946591056891
5.795609412758685e-05
6.714359360779657e-07
0.00011387862771133503
7.33974062787568e-07
0.004588035941865033
5.814029825418502e-07
0.001466545295035943
0.00020618203260878642
0.0038490375044152227
4.15982281951152e-05
0.0023740177320249797
7.947812243323121e-05
0.0001778967119798698
0.0004248610647200602
0.004305546909598621
5.110584259033467e-07
4.326069871414702e-07
7.511179092124802e-05
7.540244422810024e-05
4.1267045896500994e-07
0.0009165055181700575
0.0005250725714251875
0.0017772514556730085
0.016158963923935853
0.0008395508954261688
0.019013355657255114
0.0005921442428647796
5.510203641149547e-07
4.994829740852205e-07
0.0002782270314788867
5.937683925270311e-07
0.0008272132783033368
0.0006056841320601533
0.0012638369474079418
2.9900868323923776e-05
5.155198311099219e-05
0.002785520037751664
0.00012896294806834013
9.487740573345719e-05
0.0009243220569629387
0.00023259176400377963
5.071227596447858e-07
0.00041291025689401594
8.460251940094879e-05
4.811387241412406e-07
0.0008791794771777057
0.0005362761299750693
0.0011747535768136007
0.000688707378665019
0.00023435643471309074
0.0015794487984120463
8.871959266188342e-07
0.0022691009190984462
0.00015462724917833016
3.1487089398976046e-07
0.0014134171765102556
0.0004934749862334079
0.00022719972648527589
4.917834985570974e-05
6.881221863127713e-07
7.26253046180372e-07
0.00014822365406388962
0.0019279165615369229
6.369557795076172e-07
3.6648772714016284e-07
7.186649027013537e-05
5.065095311415664e-07
5.3810294385194e-07
0.0007628375282779592
6.230802358201327e-07
0.0007351520735475878
0.00023004591376870823
0.0006771957038724808
0.0006992778265048658
3.7298632537686615e-07
3.6103749261809515e-07
0.00011781887012493755
0.0007061675404933748
0.00530077945128784
0.0009256761587113441
4.427423288764306e-07
4.720511418092594e-07
0.0007486650489108321
0.0020741897851056512
5.403696222228025e-07
0.0006113263255039057
6.286195747779864e-07
0.0026149684868834117
0.00020339389367589553
0.002723253405633752
0.0004048442244448729
0.003435553015876873
0.0014008002536359783
0.0013167519170186554
0.00039061816864221436
0.0008610770275468386
4.4797247625947524e-07
0.006104715473331072
0.0017315854315877522
6.34510220419439e-07
0.008189564705813474
0.000648813729701958
5.53808802772618e-07
0.0003081837160556015
0.0003155104474924736
7.318070268537271e-05
6.308481200185277e-07
0.002172485829669802
0.000536244803271391
4.279082090501302e-07
9.263683704664131e-05
5.512946204351979e-07
0.0022094277671879004
0.0014048564756779568
0.0018440151086966327
0.0002871228294294491
3.9027099691136857e-07
6.465555569172273e-07
0.0028378710778909004
0.005119328951605306
0.00012295770815624486
6.85976064850351e-07
0.000748231639878286
0.0005920220206087205
5.514860964147247e-07
6.10602089964294e-07
0.0009134128180103667
6.194939444870825e-07
7.579357154287828e-05
6.283007542368966e-07
0.0005636754857349655
0.000796536265779792
7.663604164225091e-07
0.0004890224881680831
0.007019487772228047
4.2547293929643446e-07
4.851155516167735e-07
0.00012422064254153864
0.0004207946043876532
5.480909077054447e-07
4.771580483491101e-07
4.7623738633982e-07
0.004090603515504034
0.00038997241921613136
0.00013633612232545261
0.0002470360883540461
3.8636936872033293e-07
5.128363496651404e-07
0.0027973139162262763
5.508771038236949e-07
0.00042587128581110225
1.4380672864496205e-06
4.856933841887155e-07
0.005079185002025444
2.651675414110992e-05
0.004405722399317052
4.314167821480562e-07
0.0009424897589274377
0.002516919639860937
3.8721059809933567e-07
0.0023052521391982977
6.058484035201724e-07
0.00015541153670535759
0.002435880581511872
5.824744396153856e-07
5.114326255746884e-06
0.00110946777693313
5.648899662708613e-07
0.0007086139545943195
0.0006096966193221429
0.0006483160189198026
0.00033214224890488033
5.247994620970759e-07
0.0019490472865094919
0.00032431600180162293
0.0006046521438788995
3.469615993814758e-05
0.004914120069762545
3.6616515809255356e-07
2.857225672480139e-07
1.3657640375973128e-06
0.005209780478111265
0.002788194459350915
0.001269719795850037
0.0015832186360966991
0.0006865262228332308
6.348720893767826e-07
0.0020994507426346926
0.0006796923645938042
6.178073467341399e-07
7.59030677721657e-07
0.0005115974714724241
3.964779657849376e-07
6.448794949457807e-07
0.00015110275625922212
0.0001787687757743722
0.00029814785158895296
2.553982996528168e-06
0.0017554909063194654
0.003682722392781368
0.0010603221023505552
7.466614441079399e-07
3.394925622423631e-07
0.0017679532378138776
6.53940880656206e-07
0.0013428040737933668
9.289187829461878e-05
6.377659690198671e-07
4.883140467248859e-07
3.797237822771594e-07
4.3118837337403896e-07
5.15707878319115e-07
0.0004287631461599493
8.762844696192159e-07
4.731366751993045e-07
5.158249644174649e-07
5.215911145046795e-07
5.524947816743857e-07
1.4518305453482775e-06
0.0006026452627268038
0.0004727581704518708
0.0035479921936205413
0.0003713644248490163
6.669830069488046e-07
6.320781263006167e-07
0.00012852399881898863
4.515831362541955e-07
0.0002965895816287806
0.00040074443156169645
6.214510218463247e-07
6.557134908188417e-07
0.0005441920389036224
4.648114765600941e-07
0.00021916558789163553
0.0013304094992284401
0.002535556754802031
0.0003295523634377675
0.0035880848756548608
0.0004195374018319023
0.0036059854665304444
0.0002484783113189675
5.179602927728565e-07
0.0006923514270901259
0.008781637745530422
6.420304355026247e-07
0.00045916549505173906
0.000220667552336746
5.019850760410253e-07
0.0006845144272126652
0.0009383645591320468
6.665337770388348e-07
7.364857946599502e-06
0.0005692552349195018
7.096898508186858e-07
1.687990183952624e-05
0.0027372264436772526
5.768030584069573e-05
0.0009027273322877601
0.0024381738665502093
4.449199460801404e-07
0.0004964951708399923
7.042123097799904e-07
2.448464417806613e-05
0.00021192071502559168
0.0005518095936609654
4.3190327136859714e-05
6.298129397655698e-07
2.3596721770959547e-06
5.732130640659508e-07
7.682120007796886e-05
4.80680771499568e-07
3.9854512636627465e-05
4.308580038469778e-07
5.693068482900086e-07
4.663853119179894e-07
0.002790726394238755
0.0007711573380646244
5.444235181394863e-07
7.758536249916372e-07
0.0009103403622656894
0.0003371018811997695
0.002646855729962599
4.936868885612137e-07
0.0005859778316307254
0.00415509373242703
0.0005807360705867118
4.1635531511200624e-07
0.00026142373623033553
0.00038673397029518084
7.240070825974652e-07
0.000510744981070256
0.0004339274382492261
0.0012423745719517374
6.179664128150877e-07
5.734120262214069e-07
8.734273509442837e-05
0.0010385733711180372
0.00038569448602848873
4.069291917546916e-07
0.0005984388021405256
0.003694227941695608
0.00043052890857926647
0.0010852153920039465
0.001440328032848391
0.0029284553404966157
3.9361953010258134e-07
0.002441885705465708
0.00046803355409208577
0.0005225787953956846
3.5357581409361676e-07
0.002357092838460657
0.003925792630819495
0.0004887479804051913
0.0007278986113372496
0.005090485857492306
0.0017892489721301925
5.03379351045965e-07
0.001170496077565734
5.785976361146701e-07
0.0028225768470123225
5.203575533961357e-07
0.00014398521949502758
0.004283289981251028
0.0009381032154409805
7.819296762778061e-05
0.00014939309632039895
4.586681265060933e-07
0.03186990481379329
8.776555068522887e-06
0.00012264551498638546
0.00038778773665959216
5.827200314689407e-07
0.0009172749296690041
0.0034355940174753186
5.490095579137306e-07
0.0005088296776215657
0.0006554182620885891
0.0012021824024450228
5.953479773939448e-07
0.0034396294508118406
0.000182152283296883
0.0004030254539871203
0.0014662015312575244
0.0010196426027020641
5.131313594562447e-07
0.00018778024075867186
0.0012846719334679193
2.3503659865527405e-05
0.0047840792033076625
4.769836872239476e-07
0.0005258504669236806
0.0014066625251581563
7.526585746247473e-05
0.0010217392952333012
5.246838208405174e-07
0.00018659858196983024
0.0004331361154773771
8.070290704630068e-07
0.00015840433384024935
0.0045236663186921326
5.339408564956096e-07
0.0028920107673946157
6.904511107092358e-07
7.612945038991867e-05
7.21072907655603e-05
5.668509284469865e-07
5.708763827498932e-07
0.0005067245358662189
3.6594390583713413e-07
0.0005346853300718581
0.0002670158219328415
0.0022249689662504303
0.0016388291259731094
4.879713417834368e-07
0.0008266344001716573
0.0007200093315943041
0.0002730223990449993
0.002956495056360028
6.33658678470656e-07
0.003132155968406902
0.00038443376045187475
5.266160602140786e-07
6.649851162532454e-05
2.7257365963708236e-06
0.00023548688095517274
5.329790110730335e-07
0.006453951361257845
0.0005859288177052942
6.342878235039881e-07
8.154949311015673e-07
0.00668854361098405
0.0008374816176102298
0.0009212307243965812
0.001582665429131663
2.7737809526748304e-07
6.293862504538525e-07
0.0010840772030895483
0.00019869160102670686
0.0003409286269404214
0.001738431623324477
0.0006835294682428551
6.297420494197375e-07
0.00012400939954704832
0.001714386170672039
6.262667441399676e-07
4.798372103997979e-07
4.572821494999829e-07
5.034393742848497e-07
0.00016693032963171356
4.964256758123427e-07
0.0003704913437976699
0.000664296907729844
0.0010747593641743892
0.0024362509269220877
0.0010590006440022103
0.0026447843487752386
0.00010487438527542697
4.271829266884342e-07
0.0019068147527033874
4.791252305490599e-07
6.050559178563267e-07
0.015563895839370664
0.0016113094706815482
6.346375810032713e-07
0.004675046531955687
8.087557053905165e-05
0.00010366777145502465
6.816098292298863e-07
0.001719042525798526
0.0005492268113590712
5.0433141327700075e-05
6.128025542605877e-07
6.158176520303817e-05
0.0006234374005928077
0.0013494742957124296
5.867573358091036e-07
0.0008021314146784414
0.000977940674223124
6.45268602241407e-07
2.7642698496394774e-06
3.409584355159356e-07
4.934821469131418e-07
0.0011213581362537108
0.0003513748157032429
5.243947787447142e-07
0.00048748510291037544
5.465897844116804e-07
0.0016047915769505422
0.0008832835646984478
0.004956700422065891
0.00031898892639775205
0.0016308151860533581
7.315382424489362e-07
0.002542101642343533
7.749557819037822e-07
6.375280805330953e-07
3.814173822594207e-07
0.0001037271342456791
0.005852447099853266
6.566738013578773e-07
0.0008646825985728157
0.0002764630847608502
5.040990467365982e-07
0.00046481504453787283
2.065781228144624e-05
0.0008574006813636502
0.0005535614082697555
0.00026334455020281944
0.0010015395328905163
0.0006004984463553014
5.889191185140081e-07
0.00022178961673333025
0.0020258888555619464
6.30969860761453e-07
0.0001671784600192989
0.0008053222595101267
0.0003252597293042055
0.0003179160917359202
0.004979223501599225
0.0006633061546360862
6.069888325961322e-07
4.802700170694361e-07
0.00028836440990949913
0.0019819450363910834
0.0003736983969389074
6.42665224981634e-07
5.184697679469975e-07
5.907687138009258e-07
8.883268865446785e-07
0.005064654063462525
0.0004909507261680043
6.776394068311782e-05
1.1418195552423752e-06
5.603458153747424e-07
0.00016047709273112322
8.627513994798388e-05
7.48788766408655e-07
0.00024365892332234277
7.705408575847606e-05
5.424224287030363e-07
3.5729685132521906e-07
4.363803387801822e-07
0.0017153000251082077
4.0512552769400724e-07
5.523085320921218e-07
0.00027429821210427535
3.2224214319653663e-07
0.0007441332245826947
0.0005416807755813385
7.551745263727618e-07
0.0005821550366002713
5.701020909468261e-07
3.450398536113732e-07
7.506049686729512e-07
0.002795727983329804
0.00018982990919594642
0.0004354617928574625
0.00046526758913470934
5.37523202006086e-07
0.0013852308459315586
5.312397308837867e-05
6.250418479756027e-07
0.0002461720817724519
0.00017515449190404694
0.0005246356715728661
0.0006726006548745592
0.011429227212568088
0.0045674743051157835
1.931866321290053e-05
0.001559823722719359
3.3986304931702037e-05
7.967000837495547e-07
0.0017574491075286161
0.00014892018506964947
0.0003357811216235311
0.0005230329875816693
5.77809219523826e-07
