0.002726216316296128
0.006198643373101593
0.06609565531528266
0.024583289750867578
0.02218074665200121
0.03405292175275737
0.02936672510938062
0.014402662310859382
0.014392020458998109
0.0070833080600187824
0.0037911569772266416
0.01919153062714745
0.008225496799595163
0.005756721413871025
0.006323165922308226
0.005236824057968509
0.0028463346265665485
0.004407871568368261
0.0048570009415710045
0.004168610446859263
0.0027883535831272387
0.0031251618712583315
0.0029283865240211783
0.0008767560833882361
0.0004496596829938095
0.0026438886222376204
0.0002897880857406823
0.002884069716745817
0.002831309424651697
0.0020930217361618984
0.0018339588976420097
0.00224914558133117
0.0013604839418335372
0.0024958271859321377
0.0022132481334452146
0.0016392612814765072
0.00027264423854502233
0.0006010093720380801
0.0013588317136342403
0.0005850737394401882
0.0017919442978623784
0.0007820761035133129
0.0015633684176850483
0.0006364908569538658
0.0013260341256440497
0.0009408088342309849
0.0017820439616857114
0.0009430038818708366
0.0011933246844145953
0.0017495731400694048
0.001176070576773111
0.002945031240128926
0.00159877965934
0.0019579578392672926
0.0017266475905746083
0.0024476362589553142
0.0017594511162769542
0.0006334513059875431
0.0015135277115545425
0.0022110823784643
0.00039020565957434075
0.001722798419598882
0.0019352975474887868
0.0007008480983724585
0.001287325516666058
0.0005368964376946854
0.0013154613155360723
0.0004227660397030005
4.8904490281972205e-05
0.0011162078017849563
0.0011034598760095208
0.0009239078215865575
0.001016921918318226
0.0015294692145445274
0.0009055017482105099
0.0002566091481134914
0.002691412101136122
0.0016418426072662333
0.00020823644885298675
0.0007787506776628966
0.0003789894265215062
0.0017138267537935253
0.000991551914002349
0.0008302206270324805
0.001112632874447243
0.0009285494838355238
0.0020269727684595214
0.0011019006428807814
0.0002815838941112888
0.0014929178446513073
0.0012292232229777328
0.001368935918125791
0.0009555291670194101
0.0017841652287273666
0.0007961809131847982
0.0008238167435954972
0.0012249477006754611
0.0008242276918939376
0.0002767948495757888
0.0001595432610619276
0.001603545945882471
0.0006910551430096489
0.0004491670726274083
0.0007318342837485025
0.0016172689245427033
0.0014447063364918624
0.0008230415413525938
0.003194986898144737
0.0017790696269654753
0.0008326999745295008
0.001079103261443764
0.002448980559418908
0.0005853382386486821
0.0019286773778442107
0.0017276093172002127
0.001027678861720912
0.0009389149422446276
0.0011012832546752717
0.0010297287608874604
0.001826788687562795
0.0006975301211095233
0.0005976961160780763
0.0003858816799202016
0.001030161165436209
0.00068462254949706
0.0004119348696876445
0.0013294328892025859
0.0005549999150902772
0.0004935926354100368
0.0009886578474194538
0.002057137033585286
0.0014996128634445472
0.002175216954544232
0.0003191723740211811
0.00044884828781774697
0.0016190644808567309
0.0006373702041060544
0.0018349437960452177
0.0010505501301349101
0.0005745344284973357
0.0004324814337471902
0.0007597934570056827
0.0006334634791058695
0.0005013433305127933
0.0006067837009436541
0.00046604323830747756
0.001002633508454922
0.0010789708887655085
0.0008931091116261284
0.00039540388019997823
0.0005577050736149034
0.0008247362384319119
0.0002302905476303575
0.0008647069595204629
0.0005774078005059831
0.001146655471776528
0.0002307033797328862
0.00017566285305341319
8.135067286845896e-05
0.0008053713053116324
0.0006745095721772716
0.0010915174406350553
0.00020642886003564663
0.0005212822575435586
0.00037074041500131114
0.0007142233536381247
0.001131562353766408
0.0010533264094126013
0.0009231894086235986
0.0007211512818823252
0.0007351066023062202
0.0008275776726749458
0.0010390934034599534
0.0015008858545432985
0.0005398271475329896
0.0009112884013089593
0.0014810731455138426
0.0002777850041632066
0.00019927146289920657
0.0005773848831595214
0.0004997151408369656
0.0003747479382783531
0.0005761046692189423
0.0006352547685476572
0.000476458731510934
0.0006143930251671467
0.0005816355874530052
0.0003881256147446725
0.0006841014739962482
0.0005501198453118374
0.0008449636104374285
0.0006152432848484
0.00038310743281709287
0.0003726219305929633
0.00035923405441745345
4.8955523792099424e-05
0.00020076247680977753
0.00032519655063795806
0.00010140326940499894
0.0007236465717212885
0.00035274343768780113
0.00044889910353530164
0.0001677809231800513
0.0003565840861963677
8.932524139622533e-05
0.000592063230890594
0.0009095921758460127
0.0001620163492027002
0.0007270091404661191
0.0003681097617852267
0.00064293210645796
0.0003536065340678318
0.0007739010993957479
0.0008517690763854424
0.0005460128509592085
0.00012673303922780183
7.264450405885674e-05
0.00014809867953557133
0.0001635878452868439
0.00016811896093292587
0.00032137730314808375
0.000124020772448729
0.0005937216064304323
0.0004731126978458243
0.00035768684029432866
0.0003490089346979474
0.00036486742766195403
0.0001636770441275588
0.0001916285734914956
0.00030357560037624795
0.000265035244590292
0.00013897346918657915
0.0004506153628836664
0.0003127403908147852
0.00042364948609903045
5.4929701572680466e-05
3.957912080962961e-05
0.00010725062066515776
0.00035745528872199993
0.0005701662747883276
0.00044186196823449214
9.147018910876549e-05
0.00015522705921634816
0.00034714012656592296
2.390832273898419e-05
2.908816801458921e-05
0.0002922343316344072
0.0002312083384450054
0.0002875473342633974
0.00022526572902260505
0.00021958831598561669
0.0001938291781756801
7.878657914421082e-05
0.00011291602453678024
0.00011005905142415233
4.929555768614686e-05
0.0003246803857949028
0.00011900568663562583
0.0002718642354443664
0.0002618752455242801
2.4816737713595985e-05
4.505360766991385e-05
5.6828032444438384e-05
4.0975200417771544e-05
0.00018536371317714922
0.0002586876744501903
0.00015242967697777236
0.0002640212467438215
0.00019435435431067356
0.00013860189667592342
0.00021437099731322703
8.405243227219109e-05
0.00015629657393671632
0.000158684813862922
0.00013255296069238665
0.00018080509914407988
8.753278626611476e-05
6.649386606534786e-05
0.0002141469490247186
7.849314983986543e-05
3.956821291639297e-05
0.0002633770102894748
8.901104950068341e-05
9.257683180614625e-05
5.047866642122383e-05
9.530860368535136e-05
0.0001120580743967593
3.035853083790689e-05
7.540006195065313e-05
0.000149981183298159
7.611701342095066e-05
0.00011770035517607325
7.929504252645717e-05
5.1647970972838565e-05
2.3835208069934015e-05
0.00011562014223435231
9.15482479760272e-05
5.598403600641836e-05
0.0001306352783229715
2.4551661774724622e-05
8.088253492930504e-05
4.4254154407239104e-05
4.119067735671417e-05
4.264591058414543e-05
0.00012348066589384037
3.576274523660309e-05
9.345451721031135e-05
0.00010166405605977673
4.656021530312856e-05
0.00015399355418188517
6.136535070345444e-05
5.300353214884409e-05
0.00014958580869445156
3.3003973245998694e-05
6.469990328241066e-05
5.137733648040608e-05
0.00010656983545059862
6.304070825181467e-05
5.61834017210077e-05
4.899001970182058e-06
7.723094264766007e-05
5.686822521430573e-05
2.4475823426276652e-05
3.631090643933845e-05
3.7782632075209005e-05
1.4311219630399471e-05
4.061424534612066e-05
3.4201643750549314e-05
5.301179519539282e-05
5.02742064684874e-05
5.983389823864146e-05
6.342894928549868e-05
3.942984821252301e-05
3.863875604174879e-05
2.4776193884212512e-05
6.021154675724613e-06
6.680781907550498e-05
6.254043058909335e-05
4.241082003253947e-05
8.816481188858978e-06
2.8671246808999457e-05
2.940541617182719e-05
9.916385133042965e-06
3.305820161966295e-05
8.083462025760299e-06
5.291672923057036e-06
7.508753678286873e-06
3.2579547828849157e-06
3.3840502784611956e-06
4.452671997727414e-06
3.7365149782720687e-06
3.1375145750540196e-06
3.1747647033467364e-06
3.0673413396724366e-06
3.2325337559924098e-06
3.1283953362760866e-06
3.15917615224109e-06
3.1232047514381456e-06
2.733260336290706e-06
3.024345286339917e-06
2.9432194486641313e-06
2.766411030207873e-06
2.7441321750937492e-06
2.7796749938186472e-06
2.713823667059301e-06
2.7859897466639747e-06
2.8131814397933447e-06
3.0847636429127175e-06
2.629650446661996e-06
2.7164314164977157e-06
2.43607070731301e-06
2.543427779196804e-06
2.629403050655487e-06
2.7536895386546306e-06
2.6540797395069505e-06
2.6698800598376574e-06
2.6245081764280223e-06
2.2520751379958832e-06
2.396937670080649e-06
2.6914811085476115e-06
2.3685904035847785e-06
2.7210031916996777e-06
2.461141459721417e-06
2.4240628283024717e-06
2.4604761574319137e-06
2.573996706723687e-06
2.392422044006311e-06
2.2258713603744784e-06
2.4145619821529065e-06
2.5763936591154057e-06
2.296855494353809e-06
2.515371960576375e-06
2.2025510020078167e-06
2.2169853503758418e-06
2.498426876811562e-06
2.2846316680140466e-06
2.3043588568628087e-06
2.257802687006879e-06
2.41652031441359e-06
2.3417718782725024e-06
2.318461854330124e-06
2.564755639636896e-06
2.2542645913343465e-06
2.3055831833227027e-06
2.3505173874846336e-06
2.1778232894476474e-06
2.058331392456249e-06
2.0692264277621953e-06
2.1943820838262256e-06
2.210829533779962e-06
2.8585796023002905e-06
2.229217974334061e-06
2.266213331334191e-06
2.136558136971186e-06
2.0091980494960155e-06
2.0859656726879144e-06
2.1585347448560805e-06
1.9736321599216565e-06
2.2979449237508236e-06
2.1028480323166304e-06
2.169979212611999e-06
2.0689403392701066e-06
2.213147611345451e-06
2.332797606835225e-06
2.173130153152307e-06
2.0724037271823246e-06
1.9308538088006534e-06
1.9262450935190324e-06
2.1180111399303795e-06
2.1784770239176308e-06
1.7367039347338061e-06
2.0894813093757014e-06
2.240250336359779e-06
1.913718547697596e-06
1.955551025512633e-06
2.1692527077690523e-06
2.373364847252163e-06
2.375068079558176e-06
2.409393351335553e-06
1.977769270246846e-06
2.235495120918029e-06
1.9947004322245633e-06
1.9695507453008777e-06
2.011093121012395e-06
2.0347121162928766e-06
2.077939711591616e-06
2.2803407248822152e-06
2.3657998080485075e-06
2.1076487891609644e-06
1.90455417899295e-06
2.0800778659036404e-06
1.968362981829401e-06
2.1014657740422486e-06
1.9340343061878335e-06
1.981749289822132e-06
2.0772860953914415e-06
2.0670439431559397e-06
2.2088226641801304e-06
1.9527429525255762e-06
2.0085069662782664e-06
1.95966574788097e-06
1.9211898227688455e-06
2.123836689676061e-06
2.033621117822961e-06
2.0128275546542527e-06
2.0801997502000003e-06
1.943406205854726e-06
2.193980624522189e-06
1.9928603670388114e-06
2.0831244440770124e-06
1.9341729665920545e-06
1.900603118402441e-06
1.93488132470459e-06
2.1335565089366596e-06
2.0384821969932718e-06
2.2018966427852935e-06
2.0759142478282674e-06
1.9185853342626426e-06
2.045173028877179e-06
1.8078849744050173e-06
2.0362757484811647e-06
1.9791555429146612e-06
2.172490329201385e-06
1.866321088358071e-06
2.2339704349698318e-06
1.7653859207106556e-06
1.6912378803610353e-06
1.8161433740998898e-06
2.179173891626035e-06
2.0345631796332646e-06
2.186478940338568e-06
1.912403969777501e-06
2.1548421896816317e-06
1.9825863446523758e-06
2.064085615230286e-06
1.9305423332680827e-06
1.9964483412812988e-06
2.1770767401859036e-06
2.206587241324329e-06
1.9413095069269115e-06
1.8880461735826175e-06
1.9413095069269115e-06
2.206587241324329e-06
2.1770767401859036e-06
1.9964483412812988e-06
1.9305423332680827e-06
2.064085615230286e-06
1.9825863446523758e-06
2.1548421896816317e-06
1.912403969777501e-06
2.186478940338568e-06
2.0345631796332646e-06
2.179173891626035e-06
1.8161433740998898e-06
1.6912378803610353e-06
1.7653859207106556e-06
2.2339704349698318e-06
1.866321088358071e-06
2.172490329201385e-06
1.9791555429146612e-06
2.0362757484811647e-06
1.8078849744050173e-06
2.045173028877179e-06
1.9185853342626426e-06
2.0759142478282674e-06
2.2018966427852935e-06
2.0384821969932718e-06
2.1335565089366596e-06
1.93488132470459e-06
1.900603118402441e-06
1.9341729665920545e-06
2.0831244440770124e-06
1.9928603670388114e-06
2.193980624522189e-06
1.943406205854726e-06
2.0801997502000003e-06
2.0128275546542527e-06
2.033621117822961e-06
2.123836689676061e-06
1.9211898227688455e-06
1.95966574788097e-06
2.0085069662782664e-06
1.9527429525255762e-06
2.2088226641801304e-06
2.0670439431559397e-06
2.0772860953914415e-06
1.981749289822132e-06
1.9340343061878335e-06
2.1014657740422486e-06
1.968362981829401e-06
2.0800778659036404e-06
1.90455417899295e-06
2.1076487891609644e-06
2.3657998080485075e-06
2.2803407248822152e-06
2.077939711591616e-06
2.0347121162928766e-06
2.011093121012395e-06
1.9695507453008777e-06
1.9947004322245633e-06
2.235495120918029e-06
1.977769270246846e-06
2.409393351335553e-06
2.375068079558176e-06
2.373364847252163e-06
2.1692527077690523e-06
1.955551025512633e-06
1.913718547697596e-06
2.240250336359779e-06
2.0894813093757014e-06
1.7367039347338061e-06
2.1784770239176308e-06
2.1180111399303795e-06
1.9262450935190324e-06
1.9308538088006534e-06
2.0724037271823246e-06
2.173130153152307e-06
2.332797606835225e-06
2.213147611345451e-06
2.0689403392701066e-06
2.169979212611999e-06
2.1028480323166304e-06
2.2979449237508236e-06
1.9736321599216565e-06
2.1585347448560805e-06
2.0859656726879144e-06
2.0091980494960155e-06
2.136558136971186e-06
2.266213331334191e-06
2.229217974334061e-06
2.8585796023002905e-06
2.210829533779962e-06
2.1943820838262256e-06
2.0692264277621953e-06
2.058331392456249e-06
2.1778232894476474e-06
2.3505173874846336e-06
2.3055831833227027e-06
2.2542645913343465e-06
2.564755639636896e-06
2.318461854330124e-06
2.3417718782725024e-06
2.41652031441359e-06
2.257802687006879e-06
2.3043588568628087e-06
2.2846316680140466e-06
2.498426876811562e-06
2.2169853503758418e-06
2.2025510020078167e-06
2.515371960576375e-06
2.296855494353809e-06
2.5763936591154057e-06
2.4145619821529065e-06
2.2258713603744784e-06
2.392422044006311e-06
2.573996706723687e-06
2.4604761574319137e-06
2.4240628283024717e-06
2.461141459721417e-06
2.7210031916996777e-06
2.3685904035847785e-06
2.6914811085476115e-06
2.396937670080649e-06
2.2520751379958832e-06
2.6245081764280223e-06
2.6698800598376574e-06
2.6540797395069505e-06
2.7536895386546306e-06
2.629403050655487e-06
2.543427779196804e-06
2.43607070731301e-06
2.7164314164977157e-06
2.629650446661996e-06
3.0847636429127175e-06
2.8131814397933447e-06
2.7859897466639747e-06
2.713823667059301e-06
2.7796749938186472e-06
2.7441321750937492e-06
2.766411030207873e-06
2.9432194486641313e-06
3.024345286339917e-06
2.733260336290706e-06
3.1232047514381456e-06
3.15917615224109e-06
3.1283953362760866e-06
3.2325337559924098e-06
3.0673413396724366e-06
3.1747647033467364e-06
3.1375145750540196e-06
3.7365149782720687e-06
4.452671997727414e-06
3.3840502784611956e-06
3.2579547828849157e-06
7.508753678286873e-06
5.291672923057036e-06
8.083462025760299e-06
3.305820161966295e-05
9.916385133042965e-06
2.940541617182719e-05
2.8671246808999457e-05
8.816481188858978e-06
4.241082003253947e-05
6.254043058909335e-05
6.680781907550498e-05
6.021154675724613e-06
2.4776193884212512e-05
3.863875604174879e-05
3.942984821252301e-05
6.342894928549868e-05
5.983389823864146e-05
5.02742064684874e-05
5.301179519539282e-05
3.4201643750549314e-05
4.061424534612066e-05
1.4311219630399471e-05
3.7782632075209005e-05
3.631090643933845e-05
2.4475823426276652e-05
5.686822521430573e-05
7.723094264766007e-05
4.899001970182058e-06
5.61834017210077e-05
6.304070825181467e-05
0.00010656983545059862
5.137733648040608e-05
6.469990328241066e-05
3.3003973245998694e-05
0.00014958580869445156
5.300353214884409e-05
6.136535070345444e-05
0.00015399355418188517
4.656021530312856e-05
0.00010166405605977673
9.345451721031135e-05
3.576274523660309e-05
0.00012348066589384037
4.264591058414543e-05
4.119067735671417e-05
4.4254154407239104e-05
8.088253492930504e-05
2.4551661774724622e-05
0.0001306352783229715
5.598403600641836e-05
9.15482479760272e-05
0.00011562014223435231
2.3835208069934015e-05
5.1647970972838565e-05
7.929504252645717e-05
0.00011770035517607325
7.611701342095066e-05
0.000149981183298159
7.540006195065313e-05
3.035853083790689e-05
0.0001120580743967593
9.530860368535136e-05
5.047866642122383e-05
9.257683180614625e-05
8.901104950068341e-05
0.0002633770102894748
3.956821291639297e-05
7.849314983986543e-05
0.0002141469490247186
6.649386606534786e-05
8.753278626611476e-05
0.00018080509914407988
0.00013255296069238665
0.000158684813862922
0.00015629657393671632
8.405243227219109e-05
0.00021437099731322703
0.00013860189667592342
0.00019435435431067356
0.0002640212467438215
0.00015242967697777236
0.0002586876744501903
0.00018536371317714922
4.0975200417771544e-05
5.6828032444438384e-05
4.505360766991385e-05
2.4816737713595985e-05
0.0002618752455242801
0.0002718642354443664
0.00011900568663562583
0.0003246803857949028
4.929555768614686e-05
0.00011005905142415233
0.00011291602453678024
7.878657914421082e-05
0.0001938291781756801
0.00021958831598561669
0.00022526572902260505
0.0002875473342633974
0.0002312083384450054
0.0002922343316344072
2.908816801458921e-05
2.390832273898419e-05
0.00034714012656592296
0.00015522705921634816
9.147018910876549e-05
0.00044186196823449214
0.0005701662747883276
0.00035745528872199993
0.00010725062066515776
3.957912080962961e-05
5.4929701572680466e-05
0.00042364948609903045
0.0003127403908147852
0.0004506153628836664
0.00013897346918657915
0.000265035244590292
0.00030357560037624795
0.0001916285734914956
0.0001636770441275588
0.00036486742766195403
0.0003490089346979474
0.00035768684029432866
0.0004731126978458243
0.0005937216064304323
0.000124020772448729
0.00032137730314808375
0.00016811896093292587
0.0001635878452868439
0.00014809867953557133
7.264450405885674e-05
0.00012673303922780183
0.0005460128509592085
0.0008517690763854424
0.0007739010993957479
0.0003536065340678318
0.00064293210645796
0.0003681097617852267
0.0007270091404661191
0.0001620163492027002
0.0009095921758460127
0.000592063230890594
8.932524139622533e-05
0.0003565840861963677
0.0001677809231800513
0.00044889910353530164
0.00035274343768780113
0.0007236465717212885
0.00010140326940499894
0.00032519655063795806
0.00020076247680977753
4.8955523792099424e-05
0.00035923405441745345
0.0003726219305929633
0.00038310743281709287
0.0006152432848484
0.0008449636104374285
0.0005501198453118374
0.0006841014739962482
0.0003881256147446725
0.0005816355874530052
0.0006143930251671467
0.000476458731510934
0.0006352547685476572
0.0005761046692189423
0.0003747479382783531
0.0004997151408369656
0.0005773848831595214
0.00019927146289920657
0.0002777850041632066
0.0014810731455138426
0.0009112884013089593
0.0005398271475329896
0.0015008858545432985
0.0010390934034599534
0.0008275776726749458
0.0007351066023062202
0.0007211512818823252
0.0009231894086235986
0.0010533264094126013
0.001131562353766408
0.0007142233536381247
0.00037074041500131114
0.0005212822575435586
0.00020642886003564663
0.0010915174406350553
0.0006745095721772716
0.0008053713053116324
8.135067286845896e-05
0.00017566285305341319
0.0002307033797328862
0.001146655471776528
0.0005774078005059831
0.0008647069595204629
0.0002302905476303575
0.0008247362384319119
0.0005577050736149034
0.00039540388019997823
0.0008931091116261284
0.0010789708887655085
0.001002633508454922
0.00046604323830747756
0.0006067837009436541
0.0005013433305127933
0.0006334634791058695
0.0007597934570056827
0.0004324814337471902
0.0005745344284973357
0.0010505501301349101
0.0018349437960452177
0.0006373702041060544
0.0016190644808567309
0.00044884828781774697
0.0003191723740211811
0.002175216954544232
0.0014996128634445472
0.002057137033585286
0.0009886578474194538
0.0004935926354100368
0.0005549999150902772
0.0013294328892025859
0.0004119348696876445
0.00068462254949706
0.001030161165436209
0.0003858816799202016
0.0005976961160780763
0.0006975301211095233
0.001826788687562795
0.0010297287608874604
0.0011012832546752717
0.0009389149422446276
0.001027678861720912
0.0017276093172002127
0.0019286773778442107
0.0005853382386486821
0.002448980559418908
0.001079103261443764
0.0008326999745295008
0.0017790696269654753
0.003194986898144737
0.0008230415413525938
0.0014447063364918624
0.0016172689245427033
0.0007318342837485025
0.0004491670726274083
0.0006910551430096489
0.001603545945882471
0.0001595432610619276
0.0002767948495757888
0.0008242276918939376
0.0012249477006754611
0.0008238167435954972
0.0007961809131847982
0.0017841652287273666
0.0009555291670194101
0.001368935918125791
0.0012292232229777328
0.0014929178446513073
0.0002815838941112888
0.0011019006428807814
0.0020269727684595214
0.0009285494838355238
0.001112632874447243
0.0008302206270324805
0.000991551914002349
0.0017138267537935253
0.0003789894265215062
0.0007787506776628966
0.00020823644885298675
0.0016418426072662333
0.002691412101136122
0.0002566091481134914
0.0009055017482105099
0.0015294692145445274
0.001016921918318226
0.0009239078215865575
0.0011034598760095208
0.0011162078017849563
4.8904490281972205e-05
0.0004227660397030005
0.0013154613155360723
0.0005368964376946854
0.001287325516666058
0.0007008480983724585
0.0019352975474887868
0.001722798419598882
0.00039020565957434075
0.0022110823784643
0.0015135277115545425
0.0006334513059875431
0.0017594511162769542
0.0024476362589553142
0.0017266475905746083
0.0019579578392672926
0.00159877965934
0.002945031240128926
0.001176070576773111
0.0017495731400694048
0.0011933246844145953
0.0009430038818708366
0.0017820439616857114
0.0009408088342309849
0.0013260341256440497
0.0006364908569538658
0.0015633684176850483
0.0007820761035133129
0.0017919442978623784
0.0005850737394401882
0.0013588317136342403
0.0006010093720380801
0.00027264423854502233
0.0016392612814765072
0.0022132481334452146
0.0024958271859321377
0.0013604839418335372
0.00224914558133117
0.0018339588976420097
0.0020930217361618984
0.002831309424651697
0.002884069716745817
0.0002897880857406823
0.0026438886222376204
0.0004496596829938095
0.0008767560833882361
0.0029283865240211783
0.0031251618712583315
0.0027883535831272387
0.004168610446859263
0.0048570009415710045
0.004407871568368261
0.0028463346265665485
0.005236824057968509
0.006323165922308226
0.005756721413871025
0.008225496799595163
0.01919153062714745
0.0037911569772266416
0.0070833080600187824
0.014392020458998109
0.014402662310859382
0.02936672510938062
0.03405292175275737
0.02218074665200121
0.024583289750867578
0.06609565531528266
0.006198643373101593
