0.0003327680599400101
0.003891620984814453
0.012125375894333485
0.003461074819035322
0.011221760964685173
0.01399904263501283
0.001695200933127067
0.012919505878328687
0.0006868344674354758
0.001774395185277108
0.00636015082270045
0.0052703370564631
0.0037053751057056768
0.0030432288022471292
0.0023805920251325162
0.009695311827026928
0.0007704327457523303
0.0028473256754541158
0.006159226601004643
0.005211372916523679
0.005257996437590944
0.001985179786261959
0.008066447590421568
0.000992402598505769
0.00046375820722045004
0.00199777571944998
0.0002492976904737371
0.0032368629069061488
0.00108375651383331
0.007941325364486131
0.0014185632121771928
0.0016815631643900802
0.009633127836867091
0.0014326473723120332
0.0006962185988983661
0.007128185506941491
0.0018520623230496385
0.004929799991273744
0.0048475351029210485
0.0032223881537222455
0.0052760205472547625
0.005258931161116904
0.005500071969591491
0.004011258713403338
0.006555361358157449
0.012065415706183706
0.002459657792244975
0.004837489256384862
0.006508294296328505
0.0033056041712943717
0.0008569081801659552
0.005973172736279001
0.0036566347756480577
0.005027959589810609
0.004031036710934429
0.0021780937383888313
0.003188326826827637
0.001831830782058699
0.0017155474729685653
0.00077402319976153
0.0027358641848658225
0.0010052891663213123
0.001930182439822357
0.002852071339020446
0.0023631438192702565
0.0046710466476599264
0.0024276986617761164
0.004065451771684529
0.0050381712000927845
0.0031073497964762085
0.004517443032849381
0.0029039017218091064
0.0012697637975360079
0.0012224415657778307
0.0034889691071914707
0.002817796886439839
0.0039537985529158725
0.0006177507575647132
0.0015070015266080187
0.00034230649288369237
0.0013748503554750692
0.000857425544268466
0.002063926876445682
0.0028207542499965993
0.003057894628624051
0.0021838068428060567
0.0008262269513270207
0.002150165002928551
0.0025706409332663005
0.0036286277783348386
0.001432515158581625
0.0006781088687237216
0.0008234040796909228
0.0004476751793304052
0.0016950921121586474
0.003809794377910876
0.00474696155978627
0.002224398412689945
0.002294805705090752
0.002032247642533243
0.001540567867822696
0.00037507166108735124
0.00177831147733173
0.0017081083672712658
0.0015944766259313689
0.0021373056297681213
0.0008576202903656055
0.0019818325555243915
0.000704617338177301
0.001446400219221606
0.0011793593318566462
0.00124922581866973
0.0010611023765554693
0.0028154525669670293
0.000492266537362487
0.001774266313188183
0.000654417534301762
0.0005474549152892365
0.002131726510348263
0.0022657108880435864
0.001395660735849508
0.001999099157977935
0.0008761021171112854
0.0015748644546478563
0.0001395582803397665
0.00014420982361625418
0.0007520934897759852
0.0007545768383249393
0.0013203960891665885
0.00042641655443989503
0.001496245440151449
0.0008582925273820556
0.0009922871013437068
0.000800944418280423
0.0004657994436618256
0.0004061053059761267
0.0009909546556589619
0.0005026213939336233
0.0014418824745120868
0.000919280096879798
0.0012367233332799337
0.0014156697728644944
0.0013859326009430606
0.0012044951745174347
0.0008740715923442523
0.0014745170717155491
0.00036166396077204696
0.0010686859655226813
0.0015156491583096531
0.0007457556076758261
0.00044325776663718295
0.001284489621417507
0.0015889557454507469
0.0007786245070562233
0.0007540393310394119
0.0012524642273731455
0.0004099218796527626
0.0010238051417749104
0.000689229704316788
0.0005545620284548436
0.0009088136522619778
0.0007084819830172133
0.0002783593959206516
0.00018895283970615678
0.0010577554981862337
0.0017162079152318911
0.0018586347332159782
0.0003527542807995651
0.0008512438243578374
0.0006527928891252511
0.0006658294572508346
0.0004867096752299195
0.0004634403762637992
0.0003648458336380091
0.00036087153550471817
0.0004764767501649827
0.0009768257235979476
0.0011965601102751997
0.00038434717653340394
0.0012028242223422376
0.0005385132083087942
0.0010836823008541026
0.0009048225013879607
0.0014124844835045087
0.00027878640411175865
0.00033372515182395233
0.00027322148554442035
0.00046744952945720165
0.0006356304268399848
0.00021206697591481655
0.0005304325191580211
0.0007268804239545212
0.0007773326468758005
0.00034144420183093466
0.00038723679191779263
0.0012180971716280518
0.0006094052500106626
8.426502001029004e-05
0.00015222357600234833
0.0004025023121048495
0.0004100551410125588
0.0012679274739721778
0.0004654375575057064
0.0009236818140514934
0.000147323544044204
0.001111036419855987
0.0005707348393547029
3.0527078731704276e-05
0.0005664452441459577
0.00033528074076985385
0.0003533989649259771
0.0006051862631497995
0.0004075194377891442
0.0006001214988489308
0.0010000427062059121
0.0002698484126234992
0.0002666812746912535
0.0005058777859683909
0.00030742959447583164
0.0005832244570597447
0.00023190623811707853
0.0004129214770083824
0.00018698831993138563
0.00052917710848251
5.23134455879965e-05
0.0004152970613580612
0.0009354157455709879
0.0005135117540787604
0.00018052375733745827
0.0004216700629565259
0.000500406377962787
0.0003140015258328553
0.00021329451697129473
0.0004339731310859015
0.0004569208318779508
0.00031541197440528463
0.00012163934529538315
0.0002580434634839256
0.0001694221369799792
0.0013604984741809817
0.0009571334991438914
0.0009107949526179287
0.001232849084345733
0.0004662084696205865
0.0003994831179577224
0.001110233095977426
0.0006852942980524489
0.0006378956954991413
0.00022031360305778633
0.00036308672996241
0.00017695274056130962
0.0005133501631623351
0.0004132989357260205
0.0003638748741398505
0.0004171811571640611
8.84311026715825e-05
0.0002124296676014777
0.0001853459467376275
0.00023901584453353043
0.0004034923073327703
0.00012022951143406622
6.71779119971212e-05
0.00018685939012055258
0.00024125636273408525
0.0006509636098713241
0.00033231324307197215
0.0002326268042330726
0.0005753260791277863
0.0002759572640145297
0.00020336188702915425
0.000557358224652639
0.00015951876444805245
0.00029378917520012023
0.00014261961772004186
0.00018890481796493203
0.000393005076586618
0.00010373506897361538
0.0006120370052783618
0.0004146730857856033
0.00037213558873107366
0.0001271509767267065
0.00018519685979574179
0.00046366157167030607
0.00019215416112352348
0.0002020933455229496
0.00013578678967639975
0.0002373993025742544
0.0003820423685987104
0.0004814344005620245
0.00033474693533067
0.0004084923737987157
0.0008313663523962024
0.00021560444022995177
0.00019299913845372143
0.00020769625341085786
0.000353303941619313
0.00021426853915028707
0.0001716673311504512
0.0003224832958515501
0.00044035624950050374
0.000269486790516183
0.00021937660199620746
0.0002370240475937033
0.00040403248010709115
6.982182920149217e-05
0.0002517350158423792
0.0002939395217478309
0.0002347728993009295
0.0003188390166781579
8.502971544053706e-05
0.0001579084356711696
3.120098247546166e-05
0.0002852155612588618
3.374149694941633e-05
0.0002065159713724619
0.00022624197338506674
0.0001182768795799696
0.00020946052331839832
0.0003569792005992974
7.654302649863036e-05
0.00030676862569592136
0.0001933454038533558
9.733679610943364e-05
0.0001326952122279727
0.00023702932165955537
0.00020290410272512735
0.00016265388675624142
5.993367576900398e-05
0.000202718046564749
0.0001383262691677569
0.00020742816759797603
0.00019808723426104917
0.00037621235025605653
0.0002925791816511016
0.00018466478910895076
2.6542405092775067e-05
0.0001865809810791582
0.00013047192644838963
8.767569656974773e-05
0.0003460206140256951
0.00014118754444353952
8.449970589166557e-05
0.00013739942251104564
0.00016392802136818848
0.00021291123840625018
3.9753003186950904e-05
3.420817237118715e-05
1.6907851497933255e-05
2.3112161705489303e-06
3.1639811751002558e-06
2.493380780112493e-06
1.7881372799042912e-06
8.602635744396352e-07
1.4447716033530445e-06
1.7109923578630568e-06
1.1213416240681643e-06
1.217839522472079e-06
1.6384151740455772e-06
1.3346352931670744e-06
1.1902713640151362e-06
1.4364687968471583e-06
1.6657938410683331e-06
1.0987163753266339e-06
1.4212772630268993e-06
1.8093169610963546e-06
1.518440655115559e-06
1.0027020819866428e-06
1.5509637082753405e-06
1.831237860729101e-06
1.3162827176906561e-06
8.752381264860494e-07
1.4217159446524698e-06
1.620242134578591e-06
1.0552450002852113e-06
1.0661783971953105e-06
1.6438155837632982e-06
1.2652819466303104e-06
1.0382415625020858e-06
1.2229741028035942e-06
1.3365283924224224e-06
9.465626001250966e-07
9.366963412777022e-07
1.4240268514886702e-06
1.2948983021215197e-06
9.197985079406252e-07
1.292196685145067e-06
1.5188695628527819e-06
1.1564755496472113e-06
7.65848511619567e-07
1.4458357599093223e-06
1.6035905808342687e-06
9.576339672746394e-07
1.013759383804725e-06
1.502119732450637e-06
1.3717222640302787e-06
8.107965835299888e-07
1.1454951850727393e-06
1.4138002917191672e-06
1.1211027808476276e-06
9.629907708655795e-07
1.3290806959876538e-06
1.271779164236032e-06
8.144058767412944e-07
9.854447349474366e-07
1.3034528255380059e-06
1.0490880619645129e-06
7.983940567352838e-07
1.4811952543916981e-06
1.3836212243046624e-06
8.38829205117099e-07
1.0870796949200745e-06
1.4692442833260447e-06
1.2856953596199706e-06
8.759248095754029e-07
1.1933208858293267e-06
1.3906976621685778e-06
1.1449960308079274e-06
9.766858742000428e-07
1.1772941200481619e-06
1.1807913580926148e-06
1.0784225390929973e-06
9.748562697368933e-07
1.1668825884097788e-06
9.330348814235812e-07
7.807451749906586e-07
1.2472130795907883e-06
1.1514108319681279e-06
7.05236904618583e-07
9.076495610576705e-07
1.2204817677295586e-06
1.1800198820841924e-06
6.053326757293138e-07
1.0640937572171081e-06
1.4304898882434e-06
8.845830945879349e-07
7.14525283103612e-07
1.3053023818664792e-06
1.2918476546869286e-06
8.368290710205782e-07
9.399077022502726e-07
1.1768716971434934e-06
9.154236100218651e-07
9.020161079325908e-07
1.1644049394107926e-06
1.1783973263876752e-06
8.39686942241194e-07
9.75988242086041e-07
1.232179459111159e-06
9.814793440490374e-07
6.754095025787684e-07
1.0238459323824112e-06
1.1846343372732761e-06
9.431513959292868e-07
8.683445844472229e-07
1.0870842265273709e-06
1.3322395824410877e-06
8.828321828967829e-07
8.009440899467672e-07
1.193031287517292e-06
1.190975443710233e-06
9.020019440968446e-07
1.0614878747450417e-06
1.1499118099483857e-06
8.529680408024379e-07
9.192406122939006e-07
1.251535711239798e-06
1.2400120988845474e-06
7.210252418416571e-07
1.0676845393798688e-06
1.0080749310371586e-06
8.50496797793645e-07
9.277164009507981e-07
1.1245998236241647e-06
1.1958139771359122e-06
7.382399784605563e-07
8.207107837516875e-07
1.3282508528809501e-06
1.1476038127771228e-06
9.902790066459388e-07
9.269394170457694e-07
1.209198866244914e-06
9.46168552272855e-07
9.763179108159687e-07
9.182787660891219e-07
9.0111441726473e-07
7.836421818733418e-07
9.460952501688944e-07
1.154731439801283e-06
8.445641899510994e-07
8.396422975762358e-07
1.2055487447902084e-06
1.0790839914122567e-06
8.016666329002962e-07
7.997166491150836e-07
1.215243651193349e-06
1.063114461297178e-06
8.054315317256189e-07
9.402977147554063e-07
1.1890269922566008e-06
1.0364915613863308e-06
6.857522907405521e-07
1.224053033093533e-06
8.303199304145598e-07
8.865977228880473e-07
1.0276746886927963e-06
1.1869745747529453e-06
7.529967255309301e-07
9.677121706429723e-07
1.1446704210428738e-06
1.0044975191262705e-06
8.181561193520446e-07
9.414134905921351e-07
1.35026198323649e-06
1.0424660043427412e-06
7.927417657262217e-07
1.0121411156355002e-06
1.24826944037933e-06
9.044867706484152e-07
8.354748223125622e-07
1.1434687770417423e-06
8.971421299573651e-07
8.728898173072982e-07
9.650333751184617e-07
1.1147201713143323e-06
8.866686332382263e-07
9.902101020938765e-07
1.16288490737979e-06
1.0072280763745119e-06
7.441319467345041e-07
9.67189466988974e-07
1.2394847369970303e-06
1.0143471182877623e-06
7.930621048243592e-07
1.0797393224740968e-06
1.0625818877258349e-06
8.784729021411095e-07
8.109981908795891e-07
1.1449251413275733e-06
1.034202374309711e-06
7.694579979066248e-07
9.209834978921893e-07
1.0857378540352752e-06
9.56274259822625e-07
9.055693965796911e-07
1.1184501999690187e-06
9.418164058287703e-07
8.734859567806087e-07
1.140846613071187e-06
1.3978319262113501e-06
8.666799158469885e-07
7.502265014793397e-07
1.253894541759799e-06
1.012348993275792e-06
8.112518143273166e-07
8.61862278699298e-07
1.3500006630865201e-06
1.165783757864084e-06
7.949541815014998e-07
9.568710477495592e-07
1.316880186575475e-06
1.0657009447553211e-06
9.71198649754992e-07
1.1321394083595023e-06
9.9215519821316e-07
8.608725342554146e-07
1.0285956994510113e-06
1.3190581655842428e-06
9.9158645155754e-07
8.598210459528421e-07
1.351063846544246e-06
1.2604397905602388e-06
8.575699685925554e-07
9.854268232407957e-07
1.3112722530580252e-06
1.2713567575935454e-06
7.928553746612834e-07
1.0817946556614967e-06
1.2633267854060827e-06
1.0178234368886467e-06
5.528652706988333e-07
1.2340312054480501e-06
1.302298739751492e-06
9.198819884591846e-07
9.139815689378753e-07
1.2274608011085993e-06
9.993720472636098e-07
1.0024738338011208e-06
1.2675925138135489e-06
1.2272990670144696e-06
8.160273488554657e-07
9.416256377468055e-07
1.3001780754743516e-06
1.179448776775735e-06
8.058272259036909e-07
1.0930742012301235e-06
1.3556851883516386e-06
1.103698626913735e-06
6.933106014944609e-07
1.3067683048308238e-06
1.328262754101344e-06
1.013465608304937e-06
1.1225419003866597e-06
1.4320731144698878e-06
1.2230075158703687e-06
7.427842161403803e-07
1.3213174383410577e-06
1.3589734314138492e-06
8.985161822894489e-07
1.0812354018482397e-06
1.3818630105504515e-06
1.2107000632973075e-06
7.239872138886491e-07
1.2003412547357459e-06
1.538144102609765e-06
1.0858799563397284e-06
7.405474107421135e-07
1.4332326071198902e-06
1.6561804871208703e-06
1.0049627329754463e-06
8.561075748039702e-07
1.5765025994135567e-06
1.4975966985488034e-06
9.40117033631118e-07
1.1780537676434627e-06
1.412857525465738e-06
1.1924191832167575e-06
1.106701941459461e-06
1.4516610421618787e-06
1.286416146258011e-06
1.0856352238699823e-06
1.3552840974954317e-06
1.6445182313806948e-06
1.2310998728532526e-06
8.123730785495358e-07
1.6928838285261253e-06
1.739524725687161e-06
1.1250219565317392e-06
9.792064281747705e-07
1.7420891938884578e-06
1.637234935378324e-06
1.0292589231729366e-06
1.3191824227043214e-06
1.725430832459522e-06
1.4804660766617293e-06
9.762971709987134e-07
1.560302346229706e-06
1.4501048423603684e-06
1.4724856752485134e-06
1.4701403303995678e-06
2.0440371091329127e-06
1.8504296735627868e-06
1.7050853594776306e-06
4.293170776635231e-06
1.4444254098498011e-05
1.561635702809931e-05
2.1813991844551066e-05
6.089730592422017e-05
0.0002081128806314354
5.642984057347051e-05
7.677787236990021e-05
0.00017179695433794606
0.00020179521029027993
0.00010788707467379313
0.0001948507345003212
0.00019399813682497642
0.00012234662043596344
0.0001664433273451693
4.6082460441588845e-05
0.00017696398947028206
0.00016451298879788782
0.00022856768866078646
9.197355428342167e-05
6.916031571831066e-05
0.00024248180937776133
0.0001680101547246724
0.00020475940382167892
0.00014563145725839102
0.00023821313599189177
0.00019845956006426857
0.00027714512836043943
0.0001114065393627974
0.00012421991082376993
0.0001308339016649111
0.00014338446637256126
0.00016997510394759014
0.00019041470761384404
0.00012478711783011167
0.00018565242729271403
0.00036801153666592634
0.0004099184737727677
9.070654394624103e-05
3.597772584442211e-05
0.0002292556111506221
0.0001955786387648784
0.00012031447345412925
0.00016021349298801386
7.21552307447606e-05
7.932878011618355e-05
0.0002538647358929252
0.00030733461964598023
0.00024026853356634654
0.00041930727570229287
0.00059366390212034
0.00043444868130433807
0.000520569991112421
0.0002983797807808638
0.00041757545771059696
0.00046663975734245294
8.964407967704206e-05
9.462781975699197e-05
0.0004225256722812032
0.00020132100407098326
0.000349714052311626
0.0003261745237987738
0.00026972422954137516
0.00020573276508282823
0.00045475840151634284
8.417694186898998e-05
0.0002913695398410334
0.00023990074174338373
0.00021028707467180566
0.00011875364572717282
0.00020990002892628905
0.0004209673692592258
0.0001645487263571987
0.00040585829946324537
0.0001749521103649472
0.0002211024562884264
0.00011687650209493025
0.0001202601717847571
0.00035828095282334203
0.00037487491923671905
0.00040953084877767116
0.0003054710236906392
0.0002085385742349402
0.0006832510604850161
7.93585132312606e-05
0.00015885031169656644
0.0002696441428190979
0.000340803307385419
0.00023614961925743047
0.00016480137835273086
0.00020116861764089486
0.0002521318917919746
0.00031826953708367336
0.0006783213565257248
0.00021431011629756958
0.0010196784179626144
0.0001501074076227956
0.00041138960039188114
0.0004120889767950512
0.00024294765366027644
0.000848955080516608
0.00023561291422897362
0.0006983136561035224
0.0019072730406437272
0.000329756679856569
0.0007509630044236029
0.00025552619555881974
0.0010726797934778594
0.0010853128971427266
0.0005032761283889075
7.401296370266739e-05
0.00037811538462597906
0.0003823652460522865
7.801579309429325e-05
0.0004765225457462418
0.00019735646212028262
0.00040032169591239344
0.0001908937185931079
0.00023905430680489629
0.00015252778749788243
0.00024801900539568193
0.0004316530035830714
0.0002159810362998882
0.00034181520789625244
0.0001218201015087751
0.0005038582492102498
0.0005985052689000855
0.0006473097718589882
0.00010665329340703929
0.0004554567224092162
0.00014618954211130576
0.0003504681252657753
0.0008397723323545761
0.0002877887511594936
0.0003751928541692233
0.0005099633449817367
0.0004104628135275504
0.00014915707831006494
0.00021643669570371133
0.00041840406860096317
0.0004876073673596044
0.0006318249377268728
0.0002102660252712301
0.000711190550408389
0.00048172924844643006
0.0005340825143085475
0.0003639478033129565
0.0003860131233655852
0.00012941913869312044
0.000695952131974333
0.0008959021444181881
0.00018000455059886071
0.00030202197549993466
0.0004725844598926389
0.0003541753973394747
7.39030432748809e-05
0.000566807289689078
0.00023249196633990003
0.0010920531548440093
0.000578951030102606
0.00029698298320993333
0.0004965520403520833
0.00020985296019705287
0.0006565214529460826
0.0004893587670138144
0.000804486867110883
0.0011000049447521937
0.0008130174623386823
0.0012224054612018735
0.00028112502707367513
0.00034695980364199213
0.00012470213008125076
0.0003936163589258023
0.0012889494902085653
0.0004373204654534169
0.00047455858935675874
0.0005937227434511488
0.0006838171246635341
0.0005622353023641181
0.0007917629803521474
0.0003800809157102878
0.0005720478475282324
0.0007723200852847546
0.0004510106914176342
0.0006788016731389071
0.0017847297536782206
0.0006688953303770326
0.0008464655816088398
0.0007632224455110658
0.0011827225009341416
0.0010123408695230545
0.00032399902706552387
0.00045771711817077537
0.0009318812792868588
0.0009092525355363742
0.001025500360221582
0.0008014940325422571
0.0011193331637764042
0.0016048874243714492
0.0009352792709593515
0.0004729617769751229
0.0007934308000983022
0.0009330283669153969
0.0018982264864384698
0.0004097476464652882
0.0011132139925706644
0.000673029094482989
0.001362394522632341
0.000562390341207579
0.0016302665296295932
0.0027467927305137906
0.000786156667757132
0.0015113098521156415
0.0007549483363574188
0.0008782347565575921
7.170697473572603e-05
0.0030691001309195087
0.0015024459864344715
0.00034041995174734387
0.00146286213506643
0.00010460648779283067
0.0006951476643548074
0.0006809876304293283
0.0006238959360347921
0.0008226592628940497
0.002179653092273947
0.0005528573682725157
0.00041088172515277847
0.000908024619209627
0.00046884979519449036
0.0008089181816948002
0.0009573484539936917
0.0004005724379372594
0.0019066427719700721
0.0006627206620060496
0.0013364863435182885
0.0013588556654638402
0.001472123273238873
0.0010943181847995315
0.001658978394988939
0.00042019524579346327
0.0013648296870949483
0.0017566842965162565
0.0020080372131455414
0.0018103953156767107
0.0010515670107536263
0.0032381676504233607
0.0018790287406044671
0.0005070415281297436
0.0002913329407775546
0.0006498902921298925
0.004111060905648136
0.002955925920773052
0.0013040775360963197
0.0005908914157652878
0.0002916545863298537
0.0010620499410586984
0.0015919086036041113
0.0022664000386941417
0.002158563362362193
0.0017202882058461788
0.0030139697030793213
0.002216462051932302
0.002656236347630564
0.0019946145429651134
0.0012381667695260414
0.0020502878736025757
0.0014594800698911224
0.0009384035835554797
0.001072466442368909
0.0030665480059123996
0.003024888964494611
0.0023699945353094012
0.0021610725567079657
0.0036274388840276863
0.0046762887731657
0.0012646422611454439
0.0007423059829568373
0.0009307448706625467
0.00322490166743228
0.0035951859194649598
0.0011660056837810289
0.002730592937823571
0.003919278968964699
0.0017011567627737906
0.0020744779054632065
0.005854499795633911
0.0008491206081211186
0.002144804586911376
0.0014649409775311136
0.0031446061450819446
0.0013896336870743056
0.0027173422318670457
0.005293174534652977
0.004362591170894018
0.002623878558942361
0.0036009824110937545
0.004350807986016836
0.002576688214209537
0.002060670876680539
0.0020567980377549015
0.004313904401175254
0.0023935577875493466
0.016610086415261703
0.000918454756545347
0.008438589518467227
0.0017981011386719108
0.004678782477235514
0.0033058649959035115
0.0022644119373830263
0.00176773733181548
0.0026477638257113843
0.0036906453850465487
0.01220432750688959
0.0018951214107588972
0.0031969676199473827
0.006697401029965414
0.007319445905731775
0.0029561470422400453
0.0044417698829148046
0.00220744034517285
0.0027098776366037717
0.010107096233894684
0.004028408226758242
0.005419840776361445
0.0027559985278752825
0.0045260955852534585
0.013100205280307139
0.002112881542140881
0.004183834817851102
0.0038116564525860195
0.0037220560465589933
0.0037925508424742297
0.0017319883429080826
0.006415174948104091
0.0028533994335628505
0.0018592960797241588
0.003819509327381042
0.004232613286097396
0.002807762180618699
0.005434109192297497
0.009382339933550522
0.003149025240223308
0.021617653921018096
0.007687234760561458
0.012026213903630418
0.004855807915843059
0.0034698214906461054
